          Format            YIELD 
            Name              n80 
            Unit        #/sr/hist 
            Part          Neutron 

          Emin           Emax          Value    Uncertainty 
      1.000000       1.023293   5.662412e-04       0.008266 
      1.023293       1.047129   5.626816e-04       0.008292 
      1.047129       1.071519   5.840003e-04       0.008139 
      1.071519       1.096478   5.978903e-04       0.008044 
      1.096478       1.122018   6.105809e-04       0.007960 
      1.122018       1.148154   6.283014e-04       0.007847 
      1.148154       1.174898   6.444355e-04       0.007748 
      1.174898       1.202264   6.697006e-04       0.007600 
      1.202264       1.230269   6.780965e-04       0.007553 
      1.230269       1.258925   7.029361e-04       0.007418 
      1.258925       1.288250   7.251834e-04       0.007304 
      1.288250       1.318257   7.309483e-04       0.007275 
      1.318257       1.348963   7.478175e-04       0.007192 
      1.348963       1.380384   7.724636e-04       0.007077 
      1.380384       1.412538   7.930085e-04       0.006984 
      1.412538       1.445440   8.195117e-04       0.006870 
      1.445440       1.479108   8.376191e-04       0.006796 
      1.479108       1.513561   8.529020e-04       0.006735 
      1.513561       1.548817   8.717444e-04       0.006661 
      1.548817       1.584893   8.923667e-04       0.006584 
      1.584893       1.621810   9.223908e-04       0.006476 
      1.621810       1.659587   9.465339e-04       0.006393 
      1.659587       1.698244   9.691294e-04       0.006318 
      1.698244       1.737801   9.816653e-04       0.006277 
      1.737801       1.778279       0.001009       0.006191 
      1.778279       1.819701       0.001023       0.006150 
      1.819701       1.862087       0.001064       0.006030 
      1.862087       1.905461       0.001077       0.005992 
      1.905461       1.949845       0.001092       0.005951 
      1.949845       1.995262       0.001136       0.005835 
      1.995262       2.041738       0.001163       0.005766 
      2.041738       2.089296       0.001184       0.005716 
      2.089296       2.137962       0.001227       0.005615 
      2.137962       2.187762       0.001256       0.005549 
      2.187762       2.238721       0.001272       0.005513 
      2.238721       2.290868       0.001299       0.005457 
      2.290868       2.344229       0.001330       0.005392 
      2.344229       2.398833       0.001366       0.005322 
      2.398833       2.454709       0.001409       0.005238 
      2.454709       2.511886       0.001429       0.005203 
      2.511886       2.570396       0.001455       0.005156 
      2.570396       2.630268       0.001494       0.005088 
      2.630268       2.691535       0.001542       0.005008 
      2.691535       2.754229       0.001558       0.004982 
      2.754229       2.818383       0.001600       0.004917 
      2.818383       2.884032       0.001628       0.004874 
      2.884032       2.951209       0.001663       0.004822 
      2.951209       3.019952       0.001701       0.004768 
      3.019952       3.090295       0.001743       0.004711 
      3.090295       3.162278       0.001772       0.004671 
      3.162278       3.235937       0.001815       0.004616 
      3.235937       3.311311       0.001870       0.004548 
      3.311311       3.388442       0.001905       0.004505 
      3.388442       3.467369       0.001942       0.004463 
      3.467369       3.548134       0.001976       0.004423 
      3.548134       3.630781       0.002028       0.004366 
      3.630781       3.715352       0.002064       0.004329 
      3.715352       3.801894       0.002110       0.004281 
      3.801894       3.890451       0.002141       0.004250 
      3.890451       3.981072       0.002194       0.004198 
      3.981072       4.073803       0.002245       0.004150 
      4.073803       4.168694       0.002288       0.004111 
      4.168694       4.265795       0.002335       0.004070 
      4.265795       4.365158       0.002382       0.004029 
      4.365158       4.466836       0.002432       0.003987 
      4.466836       4.570882       0.002490       0.003941 
      4.570882       4.677351       0.002531       0.003908 
      4.677351       4.786301       0.002584       0.003868 
      4.786301       4.897788       0.002620       0.003841 
      4.897788       5.011872       0.002679       0.003799 
      5.011872       5.128614       0.002715       0.003774 
      5.128614       5.248075       0.002766       0.003739 
      5.248075       5.370318       0.002836       0.003692 
      5.370318       5.495409       0.002884       0.003661 
      5.495409       5.623413       0.002932       0.003631 
      5.623413       5.754399       0.002989       0.003597 
      5.754399       5.888437       0.003039       0.003567 
      5.888437       6.025596       0.003091       0.003537 
      6.025596       6.165950       0.003153       0.003502 
      6.165950       6.309573       0.003187       0.003483 
      6.309573       6.456542       0.003259       0.003444 
      6.456542       6.606934       0.003292       0.003427 
      6.606934       6.760830       0.003373       0.003385 
      6.760830       6.918310       0.003430       0.003357 
      6.918310       7.079458       0.003454       0.003345 
      7.079458       7.244360       0.003516       0.003316 
      7.244360       7.413102       0.003589       0.003282 
      7.413102       7.585776       0.003638       0.003259 
      7.585776       7.762471       0.003659       0.003250 
      7.762471       7.943282       0.003740       0.003215 
      7.943282       8.128305       0.003790       0.003194 
      8.128305       8.317638       0.003829       0.003177 
      8.317638       8.511380       0.003886       0.003154 
      8.511380       8.709636       0.003965       0.003122 
      8.709636       8.912509       0.003978       0.003117 
      8.912509       9.120108       0.004052       0.003088 
      9.120108       9.332543       0.004099       0.003071 
      9.332543       9.549926       0.004145       0.003054 
      9.549926       9.772372       0.004159       0.003048 
      9.772372      10.000000       0.004218       0.003027 
     10.000000      10.232930       0.004257       0.003013 
     10.232930      10.471285       0.004304       0.002997 
     10.471285      10.715193       0.004374       0.002973 
     10.715193      10.964782       0.004398       0.002964 
     10.964782      11.220185       0.004413       0.002959 
     11.220185      11.481536       0.004453       0.002946 
     11.481536      11.748976       0.004479       0.002938 
     11.748976      12.022644       0.004514       0.002926 
     12.022644      12.302688       0.004544       0.002916 
     12.302688      12.589254       0.004576       0.002906 
     12.589254      12.882496       0.004594       0.002900 
     12.882496      13.182567       0.004603       0.002897 
     13.182567      13.489629       0.004628       0.002890 
     13.489629      13.803843       0.004671       0.002876 
     13.803843      14.125375       0.004678       0.002874 
     14.125375      14.454398       0.004677       0.002875 
     14.454398      14.791084       0.004688       0.002871 
     14.791084      15.135612       0.004715       0.002863 
     15.135612      15.488166       0.004669       0.002877 
     15.488166      15.848932       0.004686       0.002872 
     15.848932      16.218101       0.004690       0.002870 
     16.218101      16.595869       0.004676       0.002875 
     16.595869      16.982437       0.004662       0.002879 
     16.982437      17.378008       0.004632       0.002888 
     17.378008      17.782794       0.004648       0.002883 
     17.782794      18.197009       0.004617       0.002893 
     18.197009      18.620871       0.004599       0.002899 
     18.620871      19.054607       0.004567       0.002909 
     19.054607      19.498446       0.004552       0.002914 
     19.498446      19.952623       0.004540       0.002918 
     19.952623      20.417379       0.004490       0.002934 
     20.417379      20.892961       0.004446       0.002948 
     20.892961      21.379621       0.004435       0.002952 
     21.379621      21.877616       0.004377       0.002971 
     21.877616      22.387211       0.004353       0.002980 
     22.387211      22.908677       0.004296       0.003000 
     22.908677      23.442288       0.004237       0.003020 
     23.442288      23.988329       0.004223       0.003025 
     23.988329      24.547089       0.004161       0.003048 
     24.547089      25.118864       0.004114       0.003065 
     25.118864      25.703958       0.004052       0.003088 
     25.703958      26.302680       0.004010       0.003104 
     26.302680      26.915348       0.003969       0.003121 
     26.915348      27.542287       0.003903       0.003147 
     27.542287      28.183829       0.003866       0.003162 
     28.183829      28.840315       0.003792       0.003193 
     28.840315      29.512092       0.003771       0.003202 
     29.512092      30.199517       0.003686       0.003238 
     30.199517      30.902954       0.003628       0.003264 
     30.902954      31.622777       0.003576       0.003288 
     31.622777      32.359366       0.003526       0.003311 
     32.359366      33.113112       0.003443       0.003351 
     33.113112      33.884416       0.003398       0.003373 
     33.884416      34.673685       0.003341       0.003402 
     34.673685      35.481339       0.003283       0.003431 
     35.481339      36.307805       0.003227       0.003461 
     36.307805      37.153523       0.003169       0.003493 
     37.153523      38.018940       0.003106       0.003528 
     38.018940      38.904514       0.003033       0.003570 
     38.904514      39.810717       0.002989       0.003596 
     39.810717      40.738028       0.002932       0.003631 
     40.738028      41.686938       0.002875       0.003667 
     41.686938      42.657952       0.002817       0.003704 
     42.657952      43.651583       0.002763       0.003741 
     43.651583      44.668359       0.002701       0.003783 
     44.668359      45.708819       0.002668       0.003807 
     45.708819      46.773514       0.002613       0.003846 
     46.773514      47.863009       0.002538       0.003903 
     47.863009      48.977882       0.002473       0.003954 
     48.977882      50.118723       0.002413       0.004003 
     50.118723      51.286138       0.002388       0.004024 
     51.286138      52.480746       0.002330       0.004074 
     52.480746      53.703180       0.002262       0.004134 
     53.703180      54.954087       0.002234       0.004161 
     54.954087      56.234133       0.002181       0.004210 
     56.234133      57.543994       0.002114       0.004277 
     57.543994      58.884366       0.002071       0.004321 
     58.884366      60.255959       0.002029       0.004365 
     60.255959      61.659500       0.001971       0.004429 
     61.659500      63.095734       0.001928       0.004479 
     63.095734      64.565423       0.001881       0.004534 
     64.565423      66.069345       0.001836       0.004590 
     66.069345      67.608298       0.001791       0.004647 
     67.608298      69.183097       0.001724       0.004737 
     69.183097      70.794578       0.001690       0.004783 
     70.794578      72.443596       0.001660       0.004827 
     72.443596      74.131024       0.001590       0.004931 
     74.131024      75.857758       0.001560       0.004979 
     75.857758      77.624712       0.001510       0.005062 
     77.624712      79.432823       0.001451       0.005163 
     79.432823      81.283052       0.001410       0.005238 
     81.283052      83.176377       0.001365       0.005322 
     83.176377      85.113804       0.001319       0.005416 
     85.113804      87.096359       0.001261       0.005539 
     87.096359      89.125094       0.001214       0.005646 
     89.125094      91.201084       0.001162       0.005771 
     91.201084      93.325430       0.001112       0.005897 
     93.325430      95.499259       0.001083       0.005977 
     95.499259      97.723722       0.001023       0.006150 
     97.723722     100.000000   9.792664e-04       0.006285 
    100.000000     102.329299   9.468822e-04       0.006392 
    102.329299     104.712855   8.818815e-04       0.006623 
    104.712855     107.151931   8.429197e-04       0.006774 
    107.151931     109.647820   8.060086e-04       0.006928 
    109.647820     112.201845   7.601212e-04       0.007134 
    112.201845     114.815362   7.094749e-04       0.007384 
    114.815362     117.489755   6.629684e-04       0.007639 
    117.489755     120.226443   6.359235e-04       0.007799 
    120.226443     123.026877   5.808276e-04       0.008161 
    123.026877     125.892541   5.433749e-04       0.008438 
    125.892541     128.824955   5.066185e-04       0.008738 
    128.824955     131.825674   4.762075e-04       0.009013 
    131.825674     134.896288   4.284629e-04       0.009502 
    134.896288     138.038426   3.993674e-04       0.009842 
    138.038426     141.253754   3.654355e-04       0.010289 
    141.253754     144.543977   3.343667e-04       0.010757 
    144.543977     147.910839   3.059676e-04       0.011245 
    147.910839     151.356125   2.745892e-04       0.011870 
    151.356125     154.881662   2.485890e-04       0.012475 
    154.881662     158.489319   2.249875e-04       0.013113 
    158.489319     162.181010   1.967045e-04       0.014024 
    162.181010     165.958691   1.736060e-04       0.014928 
    165.958691     169.824365   1.577428e-04       0.015661 
    169.824365     173.780083   1.389003e-04       0.016690 
    173.780083     177.827941   1.227275e-04       0.017755 
    177.827941     181.970086   1.083732e-04       0.018895 
    181.970086     186.208714   9.363195e-05       0.020328 
    186.208714     190.546072   8.117349e-05       0.021832 
    190.546072     194.984460   6.879240e-05       0.023715 
    194.984460     199.526231   5.985481e-05       0.025424 
    199.526231     204.173794   4.998863e-05       0.027821 
    204.173794     208.929613   4.228914e-05       0.030247 
    208.929613     213.796209   3.439620e-05       0.033539 
    213.796209     218.776162   2.925031e-05       0.036370 
    218.776162     223.872114   2.325323e-05       0.040791 
    223.872114     229.086765   1.988712e-05       0.044108 
    229.086765     234.422882   1.485730e-05       0.051031 
    234.422882     239.883292   1.226501e-05       0.056166 
    239.883292     245.470892   1.164596e-05       0.057639 
    245.470892     251.188643   8.009014e-06       0.069505 
    251.188643     257.039578   6.654833e-06       0.076249 
    257.039578     263.026799   5.107198e-06       0.087039 
    263.026799     269.153480   4.139925e-06       0.096674 
    269.153480     275.422870   3.288726e-06       0.108465 
    275.422870     281.838293   1.818472e-06       0.145865 
    281.838293     288.403150   2.050617e-06       0.137361 
    288.403150     295.120923   1.354181e-06       0.169031 
    295.120923     301.995172   1.083345e-06       0.188982 
    301.995172     309.029543   6.577451e-07       0.242536 
    309.029543     316.227766   5.029816e-07       0.277350 
    316.227766     323.593657   5.029816e-07       0.277350 
    323.593657     331.131121   2.708362e-07       0.377964 
    331.131121     338.844156   1.934545e-07       0.447214 
    338.844156     346.736850   2.321453e-07       0.408248 
    346.736850     354.813389   7.738178e-08       0.707107 
    354.813389     363.078055   3.869089e-08       1.000000 
    363.078055     371.535229   3.869089e-08       1.000000 
    371.535229     380.189396   1.160727e-07       0.577350 
    380.189396     389.045145   7.738178e-08       0.707107 
    389.045145     398.107171   3.869089e-08       1.000000 
    398.107171     407.380278       0.000000       0.000000 
    407.380278     416.869383       0.000000       0.000000 
    416.869383     426.579519       0.000000       0.000000 
    426.579519     436.515832       0.000000       0.000000 
    436.515832     446.683592       0.000000       0.000000 
    446.683592     457.088190       0.000000       0.000000 
    457.088190     467.735141       0.000000       0.000000 
    467.735141     478.630092       0.000000       0.000000 
    478.630092     489.778819       0.000000       0.000000 
    489.778819     501.187234       0.000000       0.000000 
    501.187234     512.861384       0.000000       0.000000 
    512.861384     524.807460       0.000000       0.000000 
    524.807460     537.031796       0.000000       0.000000 
    537.031796     549.540874       0.000000       0.000000 
    549.540874     562.341325       0.000000       0.000000 
    562.341325     575.439937       0.000000       0.000000 
    575.439937     588.843655       0.000000       0.000000 
    588.843655     602.559586       0.000000       0.000000 
    602.559586     616.595002       0.000000       0.000000 
    616.595002     630.957344       0.000000       0.000000 
    630.957344     645.654229       0.000000       0.000000 
    645.654229     660.693448       0.000000       0.000000 
    660.693448     676.082975       0.000000       0.000000 
    676.082975     691.830971       0.000000       0.000000 
    691.830971     707.945784       0.000000       0.000000 
    707.945784     724.435960       0.000000       0.000000 
    724.435960     741.310241       0.000000       0.000000 
    741.310241     758.577575       0.000000       0.000000 
    758.577575     776.247117       0.000000       0.000000 
    776.247117     794.328235       0.000000       0.000000 
    794.328235     812.830516       0.000000       0.000000 
    812.830516     831.763771       0.000000       0.000000 
    831.763771     851.138038       0.000000       0.000000 
    851.138038     870.963590       0.000000       0.000000 
    870.963590     891.250938       0.000000       0.000000 
    891.250938     912.010839       0.000000       0.000000 
    912.010839     933.254301       0.000000       0.000000 
    933.254301     954.992586       0.000000       0.000000 
    954.992586     977.237221       0.000000       0.000000 
    977.237221    1000.000000       0.000000       0.000000 
