          Format            YIELD 
            Name              n10 
            Unit        #/sr/hist 
            Part          Neutron 

          Emin           Emax          Value    Uncertainty 
      1.000000       1.023293   6.468612e-04       0.023682 
      1.023293       1.047129   6.388797e-04       0.023830 
      1.047129       1.071519   6.682660e-04       0.023300 
      1.071519       1.096478   6.940244e-04       0.022863 
      1.096478       1.122018   7.317549e-04       0.022266 
      1.122018       1.148154   7.306665e-04       0.022283 
      1.148154       1.174898   7.658575e-04       0.021765 
      1.174898       1.202264   7.934298e-04       0.021383 
      1.202264       1.230269   7.818204e-04       0.021541 
      1.230269       1.258925   8.482117e-04       0.020681 
      1.258925       1.288250   8.765096e-04       0.020344 
      1.288250       1.318257   8.982772e-04       0.020096 
      1.318257       1.348963   9.291147e-04       0.019760 
      1.348963       1.380384   9.621289e-04       0.019418 
      1.380384       1.412538   9.606777e-04       0.019433 
      1.412538       1.445440   9.719243e-04       0.019320 
      1.445440       1.479108   9.940548e-04       0.019104 
      1.479108       1.513561   9.991339e-04       0.019055 
      1.513561       1.548817       0.001055       0.018544 
      1.548817       1.584893       0.001082       0.018312 
      1.584893       1.621810       0.001102       0.018143 
      1.621810       1.659587       0.001153       0.017741 
      1.659587       1.698244       0.001167       0.017633 
      1.698244       1.737801       0.001201       0.017379 
      1.737801       1.778279       0.001231       0.017170 
      1.778279       1.819701       0.001292       0.016755 
      1.819701       1.862087       0.001273       0.016881 
      1.862087       1.905461       0.001306       0.016669 
      1.905461       1.949845       0.001329       0.016520 
      1.949845       1.995262       0.001373       0.016256 
      1.995262       2.041738       0.001417       0.016000 
      2.041738       2.089296       0.001437       0.015887 
      2.089296       2.137962       0.001438       0.015885 
      2.137962       2.187762       0.001501       0.015547 
      2.187762       2.238721       0.001534       0.015379 
      2.238721       2.290868       0.001591       0.015099 
      2.290868       2.344229       0.001572       0.015190 
      2.344229       2.398833       0.001651       0.014825 
      2.398833       2.454709       0.001690       0.014653 
      2.454709       2.511886       0.001723       0.014511 
      2.511886       2.570396       0.001707       0.014577 
      2.570396       2.630268       0.001776       0.014294 
      2.630268       2.691535       0.001800       0.014197 
      2.691535       2.754229       0.001875       0.013911 
      2.754229       2.818383       0.001879       0.013894 
      2.818383       2.884032       0.001965       0.013589 
      2.884032       2.951209       0.001994       0.013487 
      2.951209       3.019952       0.002039       0.013340 
      3.019952       3.090295       0.002110       0.013113 
      3.090295       3.162278       0.002150       0.012990 
      3.162278       3.235937       0.002172       0.012924 
      3.235937       3.311311       0.002154       0.012977 
      3.311311       3.388442       0.002224       0.012771 
      3.388442       3.467369       0.002318       0.012509 
      3.467369       3.548134       0.002364       0.012388 
      3.548134       3.630781       0.002370       0.012373 
      3.630781       3.715352       0.002488       0.012075 
      3.715352       3.801894       0.002522       0.011994 
      3.801894       3.890451       0.002585       0.011847 
      3.890451       3.981072       0.002623       0.011759 
      3.981072       4.073803       0.002673       0.011649 
      4.073803       4.168694       0.002676       0.011644 
      4.168694       4.265795       0.002718       0.011553 
      4.265795       4.365158       0.002834       0.011314 
      4.365158       4.466836       0.002862       0.011258 
      4.466836       4.570882       0.002920       0.011145 
      4.570882       4.677351       0.002984       0.011027 
      4.677351       4.786301       0.003068       0.010874 
      4.786301       4.897788       0.003216       0.010621 
      4.897788       5.011872       0.003217       0.010620 
      5.011872       5.128614       0.003231       0.010597 
      5.128614       5.248075       0.003399       0.010330 
      5.248075       5.370318       0.003359       0.010392 
      5.370318       5.495409       0.003466       0.010230 
      5.495409       5.623413       0.003528       0.010140 
      5.623413       5.754399       0.003591       0.010051 
      5.754399       5.888437       0.003689       0.009917 
      5.888437       6.025596       0.003723       0.009871 
      6.025596       6.165950       0.003819       0.009746 
      6.165950       6.309573       0.003876       0.009674 
      6.309573       6.456542       0.003868       0.009684 
      6.456542       6.606934       0.003990       0.009535 
      6.606934       6.760830       0.004055       0.009458 
      6.760830       6.918310       0.004079       0.009430 
      6.918310       7.079458       0.004179       0.009316 
      7.079458       7.244360       0.004208       0.009285 
      7.244360       7.413102       0.004360       0.009122 
      7.413102       7.585776       0.004368       0.009113 
      7.585776       7.762471       0.004427       0.009052 
      7.762471       7.943282       0.004559       0.008920 
      7.943282       8.128305       0.004552       0.008927 
      8.128305       8.317638       0.004658       0.008825 
      8.317638       8.511380       0.004777       0.008714 
      8.511380       8.709636       0.004783       0.008709 
      8.709636       8.912509       0.004912       0.008593 
      8.912509       9.120108       0.004932       0.008576 
      9.120108       9.332543       0.005008       0.008511 
      9.332543       9.549926       0.005166       0.008380 
      9.549926       9.772372       0.005173       0.008374 
      9.772372      10.000000       0.005271       0.008296 
     10.000000      10.232930       0.005334       0.008247 
     10.232930      10.471285       0.005350       0.008234 
     10.471285      10.715193       0.005407       0.008191 
     10.715193      10.964782       0.005340       0.008242 
     10.964782      11.220185       0.005530       0.008099 
     11.220185      11.481536       0.005587       0.008057 
     11.481536      11.748976       0.005702       0.007976 
     11.748976      12.022644       0.005684       0.007989 
     12.022644      12.302688       0.005730       0.007956 
     12.302688      12.589254       0.005850       0.007875 
     12.589254      12.882496       0.005947       0.007810 
     12.882496      13.182567       0.005874       0.007858 
     13.182567      13.489629       0.005985       0.007785 
     13.489629      13.803843       0.006095       0.007715 
     13.803843      14.125375       0.006069       0.007731 
     14.125375      14.454398       0.006173       0.007665 
     14.454398      14.791084       0.006141       0.007686 
     14.791084      15.135612       0.006138       0.007688 
     15.135612      15.488166       0.006191       0.007654 
     15.488166      15.848932       0.006282       0.007598 
     15.848932      16.218101       0.006241       0.007624 
     16.218101      16.595869       0.006348       0.007559 
     16.595869      16.982437       0.006266       0.007609 
     16.982437      17.378008       0.006337       0.007566 
     17.378008      17.782794       0.006382       0.007539 
     17.782794      18.197009       0.006348       0.007559 
     18.197009      18.620871       0.006361       0.007551 
     18.620871      19.054607       0.006417       0.007519 
     19.054607      19.498446       0.006429       0.007511 
     19.498446      19.952623       0.006388       0.007536 
     19.952623      20.417379       0.006400       0.007528 
     20.417379      20.892961       0.006345       0.007561 
     20.892961      21.379621       0.006402       0.007527 
     21.379621      21.877616       0.006425       0.007513 
     21.877616      22.387211       0.006304       0.007586 
     22.387211      22.908677       0.006310       0.007582 
     22.908677      23.442288       0.006307       0.007584 
     23.442288      23.988329       0.006354       0.007556 
     23.988329      24.547089       0.006297       0.007590 
     24.547089      25.118864       0.006314       0.007579 
     25.118864      25.703958       0.006208       0.007644 
     25.703958      26.302680       0.006300       0.007588 
     26.302680      26.915348       0.006183       0.007660 
     26.915348      27.542287       0.006171       0.007667 
     27.542287      28.183829       0.006129       0.007693 
     28.183829      28.840315       0.006035       0.007752 
     28.840315      29.512092       0.006080       0.007724 
     29.512092      30.199517       0.006087       0.007719 
     30.199517      30.902954       0.006067       0.007732 
     30.902954      31.622777       0.005997       0.007778 
     31.622777      32.359366       0.005926       0.007824 
     32.359366      33.113112       0.006025       0.007759 
     33.113112      33.884416       0.005858       0.007869 
     33.884416      34.673685       0.005994       0.007779 
     34.673685      35.481339       0.005881       0.007854 
     35.481339      36.307805       0.005956       0.007804 
     36.307805      37.153523       0.005885       0.007851 
     37.153523      38.018940       0.005914       0.007832 
     38.018940      38.904514       0.005933       0.007819 
     38.904514      39.810717       0.005875       0.007858 
     39.810717      40.738028       0.005882       0.007853 
     40.738028      41.686938       0.005911       0.007833 
     41.686938      42.657952       0.005905       0.007838 
     42.657952      43.651583       0.005784       0.007919 
     43.651583      44.668359       0.005861       0.007867 
     44.668359      45.708819       0.005870       0.007861 
     45.708819      46.773514       0.005941       0.007814 
     46.773514      47.863009       0.005890       0.007848 
     47.863009      48.977882       0.005964       0.007799 
     48.977882      50.118723       0.006050       0.007743 
     50.118723      51.286138       0.005956       0.007804 
     51.286138      52.480746       0.005988       0.007783 
     52.480746      53.703180       0.006033       0.007754 
     53.703180      54.954087       0.006113       0.007703 
     54.954087      56.234133       0.006145       0.007683 
     56.234133      57.543994       0.006162       0.007672 
     57.543994      58.884366       0.006359       0.007552 
     58.884366      60.255959       0.006349       0.007559 
     60.255959      61.659500       0.006484       0.007479 
     61.659500      63.095734       0.006569       0.007431 
     63.095734      64.565423       0.006720       0.007347 
     64.565423      66.069345       0.006720       0.007347 
     66.069345      67.608298       0.006717       0.007348 
     67.608298      69.183097       0.006968       0.007215 
     69.183097      70.794578       0.007124       0.007136 
     70.794578      72.443596       0.007166       0.007115 
     72.443596      74.131024       0.007383       0.007009 
     74.131024      75.857758       0.007447       0.006979 
     75.857758      77.624712       0.007590       0.006913 
     77.624712      79.432823       0.007709       0.006860 
     79.432823      81.283052       0.007961       0.006750 
     81.283052      83.176377       0.008113       0.006686 
     83.176377      85.113804       0.008414       0.006566 
     85.113804      87.096359       0.008720       0.006450 
     87.096359      89.125094       0.008950       0.006366 
     89.125094      91.201084       0.009110       0.006310 
     91.201084      93.325430       0.009279       0.006252 
     93.325430      95.499259       0.009651       0.006130 
     95.499259      97.723722       0.009929       0.006044 
     97.723722     100.000000       0.010229       0.005955 
    100.000000     102.329299       0.010559       0.005861 
    102.329299     104.712855       0.010965       0.005751 
    104.712855     107.151931       0.011432       0.005633 
    107.151931     109.647820       0.011829       0.005537 
    109.647820     112.201845       0.012190       0.005455 
    112.201845     114.815362       0.012637       0.005357 
    114.815362     117.489755       0.013220       0.005238 
    117.489755     120.226443       0.013863       0.005115 
    120.226443     123.026877       0.014334       0.005030 
    123.026877     125.892541       0.014893       0.004935 
    125.892541     128.824955       0.015654       0.004813 
    128.824955     131.825674       0.016454       0.004695 
    131.825674     134.896288       0.017380       0.004568 
    134.896288     138.038426       0.018179       0.004466 
    138.038426     141.253754       0.019289       0.004336 
    141.253754     144.543977       0.020289       0.004228 
    144.543977     147.910839       0.021637       0.004094 
    147.910839     151.356125       0.023238       0.003950 
    151.356125     154.881662       0.024760       0.003827 
    154.881662     158.489319       0.026416       0.003705 
    158.489319     162.181010       0.028743       0.003551 
    162.181010     165.958691       0.031236       0.003407 
    165.958691     169.824365       0.034259       0.003253 
    169.824365     173.780083       0.037766       0.003098 
    173.780083     177.827941       0.042025       0.002936 
    177.827941     181.970086       0.046925       0.002779 
    181.970086     186.208714       0.052151       0.002636 
    186.208714     190.546072       0.059030       0.002477 
    190.546072     194.984460       0.066364       0.002336 
    194.984460     199.526231       0.074213       0.002209 
    199.526231     204.173794       0.082520       0.002094 
    204.173794     208.929613       0.089877       0.002007 
    208.929613     213.796209       0.097211       0.001929 
    213.796209     218.776162       0.102272       0.001881 
    218.776162     223.872114       0.105310       0.001853 
    223.872114     229.086765       0.105400       0.001853 
    229.086765     234.422882       0.100876       0.001894 
    234.422882     239.883292       0.093447       0.001968 
    239.883292     245.470892       0.083918       0.002077 
    245.470892     251.188643       0.072878       0.002229 
    251.188643     257.039578       0.061354       0.002430 
    257.039578     263.026799       0.050612       0.002675 
    263.026799     269.153480       0.041146       0.002968 
    269.153480     275.422870       0.032875       0.003320 
    275.422870     281.838293       0.026599       0.003692 
    281.838293     288.403150       0.021740       0.004084 
    288.403150     295.120923       0.018296       0.004452 
    295.120923     301.995172       0.015351       0.004860 
    301.995172     309.029543       0.012989       0.005284 
    309.029543     316.227766       0.011146       0.005704 
    316.227766     323.593657       0.009481       0.006185 
    323.593657     331.131121       0.008022       0.006724 
    331.131121     338.844156       0.006609       0.007409 
    338.844156     346.736850       0.005420       0.008181 
    346.736850     354.813389       0.004369       0.009111 
    354.813389     363.078055       0.003484       0.010205 
    363.078055     371.535229       0.002767       0.011450 
    371.535229     380.189396       0.002098       0.013148 
    380.189396     389.045145       0.001601       0.015055 
    389.045145     398.107171       0.001203       0.017365 
    398.107171     407.380278   9.058959e-04       0.020012 
    407.380278     416.869383   6.464984e-04       0.023689 
    416.869383     426.579519   4.280966e-04       0.029111 
    426.579519     436.515832   3.080119e-04       0.034320 
    436.515832     446.683592   2.154995e-04       0.041030 
    446.683592     457.088190   1.371360e-04       0.051434 
    457.088190     467.735141   8.997284e-05       0.063500 
    467.735141     478.630092   4.861436e-05       0.086387 
    478.630092     489.778819   3.410261e-05       0.103142 
    489.778819     501.187234   1.886527e-05       0.138675 
    501.187234     512.861384   1.124660e-05       0.179605 
    512.861384     524.807460   8.707049e-06       0.204124 
    524.807460     537.031796   3.265143e-06       0.333333 
    537.031796     549.540874   2.902350e-06       0.353553 
    549.540874     562.341325   3.627937e-07       1.000000 
    562.341325     575.439937   3.627937e-07       1.000000 
    575.439937     588.843655       0.000000       0.000000 
    588.843655     602.559586       0.000000       0.000000 
    602.559586     616.595002       0.000000       0.000000 
    616.595002     630.957344       0.000000       0.000000 
    630.957344     645.654229       0.000000       0.000000 
    645.654229     660.693448       0.000000       0.000000 
    660.693448     676.082975       0.000000       0.000000 
    676.082975     691.830971       0.000000       0.000000 
    691.830971     707.945784       0.000000       0.000000 
    707.945784     724.435960       0.000000       0.000000 
    724.435960     741.310241       0.000000       0.000000 
    741.310241     758.577575       0.000000       0.000000 
    758.577575     776.247117       0.000000       0.000000 
    776.247117     794.328235       0.000000       0.000000 
    794.328235     812.830516       0.000000       0.000000 
    812.830516     831.763771       0.000000       0.000000 
    831.763771     851.138038       0.000000       0.000000 
    851.138038     870.963590       0.000000       0.000000 
    870.963590     891.250938       0.000000       0.000000 
    891.250938     912.010839       0.000000       0.000000 
    912.010839     933.254301       0.000000       0.000000 
    933.254301     954.992586       0.000000       0.000000 
    954.992586     977.237221       0.000000       0.000000 
    977.237221    1000.000000       0.000000       0.000000 
