3.880e+02   4.700e+02   2.174e-04   8.217e-05
3.282e+02   3.880e+02   3.383e-04   1.196e-04
2.827e+02   3.282e+02   1.197e-03   2.553e-04
2.469e+02   2.827e+02   2.703e-03   6.558e-04
2.182e+02   2.469e+02   7.136e-03   1.036e-03
1.749e+02   2.182e+02   8.265e-03   1.379e-03
1.582e+02   1.749e+02   1.392e-02   2.503e-03
1.317e+02   1.582e+02   1.307e-02   2.001e-03
5.241e+01   1.317e+02   4.289e-03   8.468e-04
2.956e+01   5.241e+01   6.705e-03   1.291e-03
1.516e+01   3.325e+01   1.148e-02   2.287e-03
5.028e+00   1.516e+01   1.163e-02   4.356e-03