3.392e+02   4.111e+02   2.278e-04   8.052e-05
2.867e+02   3.392e+02   4.202e-04   1.267e-04
2.466e+02   2.867e+02   1.316e-03   3.820e-04
1.897e+02   2.466e+02   1.642e-03   3.247e-04
1.689e+02   1.897e+02   4.654e-03   1.112e-03
1.369e+02   1.689e+02   4.643e-03   9.922e-04
9.607e+01   1.369e+02   3.747e-03   1.094e-03
5.559e+01   9.607e+01   2.459e-03   7.277e-04
4.020e+01   5.559e+01   3.983e-03   1.124e-03
2.308e+01   4.452e+01   5.818e-03   1.401e-03
1.594e+01   2.308e+01   1.440e-02   3.595e-03
6.389e+00   1.594e+01   1.574e-02   3.916e-03