4.178e+02   4.906e+02   1.925e-04   9.627e-05
3.622e+02   4.178e+02   3.046e-04   1.362e-04
3.183e+02   3.622e+02   1.132e-03   3.627e-04
2.828e+02   3.183e+02   3.513e-03   5.669e-04
2.536e+02   2.828e+02   7.407e-03   1.062e-03
2.291e+02   2.536e+02   1.546e-02   1.547e-03
2.083e+02   2.291e+02   1.883e-02   2.642e-03
1.904e+02   2.083e+02   2.974e-02   5.595e-03
1.749e+02   1.904e+02   2.787e-02   7.791e-03
6.025e+01   1.749e+02   4.340e-03   1.513e-03
4.696e+01   6.025e+01   3.089e-03   1.022e-03
2.038e+01   4.696e+01   1.649e-03   1.459e-03
1.646e+01   2.744e+01   9.731e-03   4.470e-03
5.060e+00   1.646e+01   8.869e-03   5.161e-03