          Format            YIELD 
            Name              n60 
            Unit        #/sr/hist 
            Part          Neutron 

          Emin           Emax          Value    Uncertainty 
      1.000000       1.023293   1.576607e-04       0.016263 
      1.023293       1.047129   1.632482e-04       0.015982 
      1.047129       1.071519   1.667509e-04       0.015813 
      1.071519       1.096478   1.712960e-04       0.015602 
      1.096478       1.122018   1.737562e-04       0.015491 
      1.122018       1.148154   1.877667e-04       0.014902 
      1.148154       1.174898   1.856818e-04       0.014985 
      1.174898       1.202264   1.914362e-04       0.014758 
      1.202264       1.230269   1.987334e-04       0.014485 
      1.230269       1.258925   2.027781e-04       0.014340 
      1.258925       1.288250   2.104088e-04       0.014077 
      1.288250       1.318257   2.189153e-04       0.013801 
      1.318257       1.348963   2.253785e-04       0.013602 
      1.348963       1.380384   2.306324e-04       0.013446 
      1.380384       1.412538   2.392639e-04       0.013201 
      1.412538       1.445440   2.395975e-04       0.013192 
      1.445440       1.479108   2.568606e-04       0.012741 
      1.479108       1.513561   2.658257e-04       0.012524 
      1.513561       1.548817   2.631987e-04       0.012586 
      1.548817       1.584893   2.785853e-04       0.012234 
      1.584893       1.621810   2.862995e-04       0.012068 
      1.621810       1.659587   2.963904e-04       0.011861 
      1.659587       1.698244   3.002683e-04       0.011784 
      1.698244       1.737801   3.163638e-04       0.011480 
      1.737801       1.778279   3.206170e-04       0.011404 
      1.778279       1.819701   3.262463e-04       0.011305 
      1.819701       1.862087   3.358368e-04       0.011142 
      1.862087       1.905461   3.472621e-04       0.010958 
      1.905461       1.949845   3.565608e-04       0.010814 
      1.949845       1.995262   3.641499e-04       0.010700 
      1.995262       2.041738   3.828307e-04       0.010436 
      2.041738       2.089296   3.871256e-04       0.010378 
      2.089296       2.137962   3.992180e-04       0.010220 
      2.137962       2.187762   4.137290e-04       0.010039 
      2.187762       2.238721   4.179405e-04       0.009988 
      2.238721       2.290868   4.332437e-04       0.009810 
      2.290868       2.344229   4.459199e-04       0.009670 
      2.344229       2.398833   4.532588e-04       0.009591 
      2.398833       2.454709   4.599305e-04       0.009521 
      2.454709       2.511886   4.797788e-04       0.009322 
      2.511886       2.570396   4.848243e-04       0.009273 
      2.570396       2.630268   4.979175e-04       0.009151 
      2.630268       2.691535   5.198091e-04       0.008956 
      2.691535       2.754229   5.254800e-04       0.008907 
      2.754229       2.818383   5.388651e-04       0.008796 
      2.818383       2.884032   5.454117e-04       0.008743 
      2.884032       2.951209   5.678453e-04       0.008569 
      2.951209       3.019952   5.708893e-04       0.008546 
      3.019952       3.090295   5.813138e-04       0.008469 
      3.090295       3.162278   6.090848e-04       0.008273 
      3.162278       3.235937   6.243046e-04       0.008172 
      3.235937       3.311311   6.264312e-04       0.008158 
      3.311311       3.388442   6.498239e-04       0.008010 
      3.388442       3.467369   6.639178e-04       0.007924 
      3.467369       3.548134   6.823484e-04       0.007817 
      3.548134       3.630781   6.922309e-04       0.007761 
      3.630781       3.715352   6.998616e-04       0.007718 
      3.715352       3.801894   7.305515e-04       0.007554 
      3.801894       3.890451   7.356803e-04       0.007528 
      3.890451       3.981072   7.452292e-04       0.007480 
      3.981072       4.073803   7.751268e-04       0.007334 
      4.073803       4.168694   7.805058e-04       0.007309 
      4.168694       4.265795   7.998538e-04       0.007220 
      4.265795       4.365158   8.202859e-04       0.007129 
      4.365158       4.466836   8.331706e-04       0.007074 
      4.466836       4.570882   8.522267e-04       0.006994 
      4.570882       4.677351   8.642357e-04       0.006945 
      4.677351       4.786301   8.722835e-04       0.006913 
      4.786301       4.897788   9.027648e-04       0.006796 
      4.897788       5.011872   9.061841e-04       0.006783 
      5.011872       5.128614   9.210703e-04       0.006728 
      5.128614       5.248075   9.395009e-04       0.006661 
      5.248075       5.370318   9.565971e-04       0.006602 
      5.370318       5.495409   9.693567e-04       0.006558 
      5.495409       5.623413   9.957100e-04       0.006471 
      5.623413       5.754399   9.909564e-04       0.006486 
      5.754399       5.888437       0.001001       0.006454 
      5.888437       6.025596       0.001027       0.006372 
      6.025596       6.165950       0.001037       0.006340 
      6.165950       6.309573       0.001055       0.006287 
      6.309573       6.456542       0.001064       0.006260 
      6.456542       6.606934       0.001066       0.006252 
      6.606934       6.760830       0.001094       0.006173 
      6.760830       6.918310       0.001102       0.006150 
      6.918310       7.079458       0.001115       0.006115 
      7.079458       7.244360       0.001107       0.006136 
      7.244360       7.413102       0.001147       0.006028 
      7.413102       7.585776       0.001145       0.006035 
      7.585776       7.762471       0.001159       0.005998 
      7.762471       7.943282       0.001174       0.005960 
      7.943282       8.128305       0.001175       0.005956 
      8.128305       8.317638       0.001196       0.005903 
      8.317638       8.511380       0.001206       0.005880 
      8.511380       8.709636       0.001210       0.005870 
      8.709636       8.912509       0.001218       0.005849 
      8.912509       9.120108       0.001245       0.005787 
      9.120108       9.332543       0.001243       0.005790 
      9.332543       9.549926       0.001246       0.005785 
      9.549926       9.772372       0.001250       0.005775 
      9.772372      10.000000       0.001271       0.005726 
     10.000000      10.232930       0.001282       0.005703 
     10.232930      10.471285       0.001289       0.005688 
     10.471285      10.715193       0.001290       0.005684 
     10.715193      10.964782       0.001301       0.005660 
     10.964782      11.220185       0.001315       0.005630 
     11.220185      11.481536       0.001320       0.005619 
     11.481536      11.748976       0.001340       0.005577 
     11.748976      12.022644       0.001345       0.005566 
     12.022644      12.302688       0.001353       0.005551 
     12.302688      12.589254       0.001336       0.005585 
     12.589254      12.882496       0.001335       0.005588 
     12.882496      13.182567       0.001366       0.005523 
     13.182567      13.489629       0.001374       0.005509 
     13.489629      13.803843       0.001390       0.005477 
     13.803843      14.125375       0.001390       0.005476 
     14.125375      14.454398       0.001396       0.005464 
     14.454398      14.791084       0.001414       0.005429 
     14.791084      15.135612       0.001408       0.005442 
     15.135612      15.488166       0.001421       0.005416 
     15.488166      15.848932       0.001437       0.005385 
     15.848932      16.218101       0.001447       0.005367 
     16.218101      16.595869       0.001474       0.005318 
     16.595869      16.982437       0.001478       0.005311 
     16.982437      17.378008       0.001474       0.005319 
     17.378008      17.782794       0.001498       0.005275 
     17.782794      18.197009       0.001506       0.005261 
     18.197009      18.620871       0.001527       0.005225 
     18.620871      19.054607       0.001531       0.005218 
     19.054607      19.498446       0.001548       0.005189 
     19.498446      19.952623       0.001562       0.005165 
     19.952623      20.417379       0.001575       0.005145 
     20.417379      20.892961       0.001585       0.005128 
     20.892961      21.379621       0.001603       0.005100 
     21.379621      21.877616       0.001624       0.005066 
     21.877616      22.387211       0.001642       0.005039 
     22.387211      22.908677       0.001664       0.005006 
     22.908677      23.442288       0.001683       0.004976 
     23.442288      23.988329       0.001690       0.004966 
     23.988329      24.547089       0.001709       0.004939 
     24.547089      25.118864       0.001730       0.004909 
     25.118864      25.703958       0.001757       0.004870 
     25.703958      26.302680       0.001780       0.004840 
     26.302680      26.915348       0.001779       0.004841 
     26.915348      27.542287       0.001798       0.004815 
     27.542287      28.183829       0.001825       0.004779 
     28.183829      28.840315       0.001855       0.004740 
     28.840315      29.512092       0.001865       0.004728 
     29.512092      30.199517       0.001884       0.004703 
     30.199517      30.902954       0.001918       0.004662 
     30.902954      31.622777       0.001950       0.004623 
     31.622777      32.359366       0.001950       0.004623 
     32.359366      33.113112       0.001976       0.004593 
     33.113112      33.884416       0.001995       0.004571 
     33.884416      34.673685       0.002037       0.004524 
     34.673685      35.481339       0.002056       0.004502 
     35.481339      36.307805       0.002066       0.004491 
     36.307805      37.153523       0.002117       0.004437 
     37.153523      38.018940       0.002135       0.004418 
     38.018940      38.904514       0.002151       0.004402 
     38.904514      39.810717       0.002166       0.004387 
     39.810717      40.738028       0.002191       0.004361 
     40.738028      41.686938       0.002217       0.004336 
     41.686938      42.657952       0.002248       0.004306 
     42.657952      43.651583       0.002283       0.004273 
     43.651583      44.668359       0.002285       0.004270 
     44.668359      45.708819       0.002312       0.004245 
     45.708819      46.773514       0.002330       0.004229 
     46.773514      47.863009       0.002375       0.004189 
     47.863009      48.977882       0.002398       0.004169 
     48.977882      50.118723       0.002405       0.004163 
     50.118723      51.286138       0.002445       0.004128 
     51.286138      52.480746       0.002427       0.004144 
     52.480746      53.703180       0.002482       0.004097 
     53.703180      54.954087       0.002482       0.004098 
     54.954087      56.234133       0.002532       0.004057 
     56.234133      57.543994       0.002541       0.004050 
     57.543994      58.884366       0.002556       0.004038 
     58.884366      60.255959       0.002580       0.004019 
     60.255959      61.659500       0.002587       0.004014 
     61.659500      63.095734       0.002595       0.004008 
     63.095734      64.565423       0.002641       0.003973 
     64.565423      66.069345       0.002642       0.003972 
     66.069345      67.608298       0.002643       0.003970 
     67.608298      69.183097       0.002660       0.003958 
     69.183097      70.794578       0.002686       0.003939 
     70.794578      72.443596       0.002683       0.003941 
     72.443596      74.131024       0.002687       0.003938 
     74.131024      75.857758       0.002690       0.003936 
     75.857758      77.624712       0.002678       0.003944 
     77.624712      79.432823       0.002671       0.003950 
     79.432823      81.283052       0.002674       0.003947 
     81.283052      83.176377       0.002679       0.003944 
     83.176377      85.113804       0.002682       0.003941 
     85.113804      87.096359       0.002641       0.003972 
     87.096359      89.125094       0.002634       0.003978 
     89.125094      91.201084       0.002615       0.003992 
     91.201084      93.325430       0.002591       0.004011 
     93.325430      95.499259       0.002578       0.004020 
     95.499259      97.723722       0.002538       0.004052 
     97.723722     100.000000       0.002525       0.004062 
    100.000000     102.329299       0.002477       0.004101 
    102.329299     104.712855       0.002435       0.004137 
    104.712855     107.151931       0.002404       0.004163 
    107.151931     109.647820       0.002351       0.004211 
    109.647820     112.201845       0.002299       0.004258 
    112.201845     114.815362       0.002276       0.004279 
    114.815362     117.489755       0.002211       0.004342 
    117.489755     120.226443       0.002142       0.004411 
    120.226443     123.026877       0.002098       0.004457 
    123.026877     125.892541       0.002052       0.004507 
    125.892541     128.824955       0.001979       0.004590 
    128.824955     131.825674       0.001896       0.004689 
    131.825674     134.896288       0.001827       0.004776 
    134.896288     138.038426       0.001755       0.004873 
    138.038426     141.253754       0.001677       0.004985 
    141.253754     144.543977       0.001618       0.005076 
    144.543977     147.910839       0.001533       0.005214 
    147.910839     151.356125       0.001464       0.005335 
    151.356125     154.881662       0.001387       0.005483 
    154.881662     158.489319       0.001318       0.005624 
    158.489319     162.181010       0.001221       0.005843 
    162.181010     165.958691       0.001150       0.006020 
    165.958691     169.824365       0.001089       0.006186 
    169.824365     173.780083       0.001013       0.006416 
    173.780083     177.827941   9.321620e-04       0.006688 
    177.827941     181.970086   8.806231e-04       0.006880 
    181.970086     186.208714   7.971017e-04       0.007232 
    186.208714     190.546072   7.237964e-04       0.007589 
    190.546072     194.984460   6.738420e-04       0.007866 
    194.984460     199.526231   6.067497e-04       0.008289 
    199.526231     204.173794   5.574625e-04       0.008648 
    204.173794     208.929613   4.975422e-04       0.009154 
    208.929613     213.796209   4.468373e-04       0.009660 
    213.796209     218.776162   4.034295e-04       0.010166 
    218.776162     223.872114   3.506814e-04       0.010904 
    223.872114     229.086765   3.158634e-04       0.011489 
    229.086765     234.422882   2.796694e-04       0.012210 
    234.422882     239.883292   2.420160e-04       0.013126 
    239.883292     245.470892   2.151207e-04       0.013922 
    245.470892     251.188643   1.837637e-04       0.015063 
    251.188643     257.039578   1.554507e-04       0.016378 
    257.039578     263.026799   1.364780e-04       0.017479 
    263.026799     269.153480   1.154622e-04       0.019003 
    269.153480     275.422870   9.711498e-05       0.020721 
    275.422870     281.838293   7.922647e-05       0.022941 
    281.838293     288.403150   6.896873e-05       0.024588 
    288.403150     295.120923   5.579212e-05       0.027338 
    295.120923     301.995172   4.732739e-05       0.029682 
    301.995172     309.029543   3.723644e-05       0.033464 
    309.029543     316.227766   2.985587e-05       0.037372 
    316.227766     323.593657   2.376794e-05       0.041885 
    323.593657     331.131121   1.926454e-05       0.046524 
    331.131121     338.844156   1.580360e-05       0.051366 
    338.844156     346.736850   1.167548e-05       0.059761 
    346.736850     354.813389   1.042454e-05       0.063245 
    354.813389     363.078055   7.755855e-06       0.073323 
    363.078055     371.535229   5.462457e-06       0.087370 
    371.535229     380.189396   4.878683e-06       0.092450 
    380.189396     389.045145   3.460946e-06       0.109764 
    389.045145     398.107171   2.210002e-06       0.137361 
    398.107171     407.380278   1.417737e-06       0.171499 
    407.380278     416.869383   9.173592e-07       0.213201 
    416.869383     426.579519   7.922647e-07       0.229416 
    426.579519     436.515832   5.003777e-07       0.288675 
    436.515832     446.683592   3.752833e-07       0.333333 
    446.683592     457.088190   1.250944e-07       0.577350 
    457.088190     467.735141   3.335851e-07       0.353553 
    467.735141     478.630092   1.667926e-07       0.500000 
    478.630092     489.778819   8.339629e-08       0.707107 
    489.778819     501.187234   1.250944e-07       0.577350 
    501.187234     512.861384       0.000000       0.000000 
    512.861384     524.807460       0.000000       0.000000 
    524.807460     537.031796       0.000000       0.000000 
    537.031796     549.540874       0.000000       0.000000 
    549.540874     562.341325       0.000000       0.000000 
    562.341325     575.439937       0.000000       0.000000 
    575.439937     588.843655       0.000000       0.000000 
    588.843655     602.559586       0.000000       0.000000 
    602.559586     616.595002       0.000000       0.000000 
    616.595002     630.957344       0.000000       0.000000 
    630.957344     645.654229       0.000000       0.000000 
    645.654229     660.693448       0.000000       0.000000 
    660.693448     676.082975       0.000000       0.000000 
    676.082975     691.830971       0.000000       0.000000 
    691.830971     707.945784       0.000000       0.000000 
    707.945784     724.435960       0.000000       0.000000 
    724.435960     741.310241       0.000000       0.000000 
    741.310241     758.577575       0.000000       0.000000 
    758.577575     776.247117       0.000000       0.000000 
    776.247117     794.328235       0.000000       0.000000 
    794.328235     812.830516       0.000000       0.000000 
    812.830516     831.763771       0.000000       0.000000 
    831.763771     851.138038       0.000000       0.000000 
    851.138038     870.963590       0.000000       0.000000 
    870.963590     891.250938       0.000000       0.000000 
    891.250938     912.010839       0.000000       0.000000 
    912.010839     933.254301       0.000000       0.000000 
    933.254301     954.992586       0.000000       0.000000 
    954.992586     977.237221       0.000000       0.000000 
    977.237221    1000.000000       0.000000       0.000000 
