          Format            YIELD 
            Name              n45 
            Unit        #/sr/hist 
            Part          Neutron 

          Emin           Emax          Value    Uncertainty 
      1.000000       1.023293   1.544365e-04       0.019948 
      1.023293       1.047129   1.605206e-04       0.019566 
      1.047129       1.071519   1.696159e-04       0.019034 
      1.071519       1.096478   1.740407e-04       0.018791 
      1.096478       1.122018   1.793258e-04       0.018512 
      1.122018       1.148154   1.788342e-04       0.018537 
      1.148154       1.174898   1.884212e-04       0.018060 
      1.174898       1.202264   1.953041e-04       0.017738 
      1.202264       1.230269   1.982540e-04       0.017606 
      1.230269       1.258925   2.086399e-04       0.017162 
      1.258925       1.288250   2.189029e-04       0.016755 
      1.288250       1.318257   2.228975e-04       0.016604 
      1.318257       1.348963   2.313783e-04       0.016297 
      1.348963       1.380384   2.375238e-04       0.016085 
      1.380384       1.412538   2.374623e-04       0.016087 
      1.412538       1.445440   2.515970e-04       0.015628 
      1.445440       1.479108   2.568206e-04       0.015469 
      1.479108       1.513561   2.653014e-04       0.015219 
      1.513561       1.548817   2.806038e-04       0.014799 
      1.548817       1.584893   2.761175e-04       0.014918 
      1.584893       1.621810   2.959675e-04       0.014409 
      1.621810       1.659587   3.031578e-04       0.014238 
      1.659587       1.698244   3.091189e-04       0.014100 
      1.698244       1.737801   3.213484e-04       0.013829 
      1.737801       1.778279   3.259576e-04       0.013731 
      1.778279       1.819701   3.427348e-04       0.013390 
      1.819701       1.862087   3.533051e-04       0.013188 
      1.862087       1.905461   3.541654e-04       0.013172 
      1.905461       1.949845   3.697750e-04       0.012891 
      1.949845       1.995262   3.707583e-04       0.012874 
      1.995262       2.041738   3.914687e-04       0.012529 
      2.041738       2.089296   3.939269e-04       0.012490 
      2.089296       2.137962   4.129779e-04       0.012198 
      2.137962       2.187762   4.194922e-04       0.012103 
      2.187762       2.238721   4.435211e-04       0.011771 
      2.238721       2.290868   4.478844e-04       0.011713 
      2.290868       2.344229   4.646616e-04       0.011500 
      2.344229       2.398833   4.724664e-04       0.011405 
      2.398833       2.454709   4.854949e-04       0.011250 
      2.454709       2.511886   4.988921e-04       0.011098 
      2.511886       2.570396   5.017805e-04       0.011066 
      2.570396       2.630268   5.301727e-04       0.010766 
      2.630268       2.691535   5.359495e-04       0.010708 
      2.691535       2.754229   5.610231e-04       0.010466 
      2.754229       2.818383   5.584420e-04       0.010490 
      2.818383       2.884032   5.732527e-04       0.010353 
      2.884032       2.951209   5.889852e-04       0.010214 
      2.951209       3.019952   6.115392e-04       0.010024 
      3.019952       3.090295   6.254280e-04       0.009912 
      3.090295       3.162278   6.436802e-04       0.009771 
      3.162278       3.235937   6.560941e-04       0.009678 
      3.235937       3.311311   6.839332e-04       0.009479 
      3.311311       3.388442   7.047050e-04       0.009338 
      3.388442       3.467369   7.032916e-04       0.009347 
      3.467369       3.548134   7.198844e-04       0.009239 
      3.548134       3.630781   7.406562e-04       0.009108 
      3.630781       3.715352   7.596459e-04       0.008994 
      3.715352       3.801894   7.622884e-04       0.008978 
      3.801894       3.890451   7.873006e-04       0.008834 
      3.890451       3.981072   8.147710e-04       0.008684 
      3.981072       4.073803   8.358501e-04       0.008574 
      4.073803       4.168694   8.402749e-04       0.008551 
      4.168694       4.265795   8.581583e-04       0.008462 
      4.265795       4.365158   8.895004e-04       0.008311 
      4.365158       4.466836   8.922044e-04       0.008299 
      4.466836       4.570882   9.170322e-04       0.008186 
      4.570882       4.677351   9.304294e-04       0.008127 
      4.677351       4.786301   9.617101e-04       0.007993 
      4.786301       4.897788   9.681628e-04       0.007967 
      4.897788       5.011872   9.906554e-04       0.007876 
      5.011872       5.128614       0.001005       0.007819 
      5.128614       5.248075       0.001026       0.007739 
      5.248075       5.370318       0.001052       0.007644 
      5.370318       5.495409       0.001060       0.007615 
      5.495409       5.623413       0.001083       0.007531 
      5.623413       5.754399       0.001103       0.007465 
      5.754399       5.888437       0.001113       0.007430 
      5.888437       6.025596       0.001138       0.007348 
      6.025596       6.165950       0.001144       0.007330 
      6.165950       6.309573       0.001165       0.007264 
      6.309573       6.456542       0.001196       0.007168 
      6.456542       6.606934       0.001197       0.007165 
      6.606934       6.760830       0.001201       0.007153 
      6.760830       6.918310       0.001226       0.007080 
      6.918310       7.079458       0.001255       0.006997 
      7.079458       7.244360       0.001271       0.006952 
      7.244360       7.413102       0.001288       0.006906 
      7.413102       7.585776       0.001308       0.006854 
      7.585776       7.762471       0.001312       0.006843 
      7.762471       7.943282       0.001311       0.006846 
      7.943282       8.128305       0.001341       0.006769 
      8.128305       8.317638       0.001360       0.006721 
      8.317638       8.511380       0.001374       0.006688 
      8.511380       8.709636       0.001386       0.006658 
      8.709636       8.912509       0.001395       0.006638 
      8.912509       9.120108       0.001413       0.006595 
      9.120108       9.332543       0.001424       0.006568 
      9.332543       9.549926       0.001434       0.006546 
      9.549926       9.772372       0.001448       0.006513 
      9.772372      10.000000       0.001459       0.006489 
     10.000000      10.232930       0.001481       0.006440 
     10.232930      10.471285       0.001487       0.006429 
     10.471285      10.715193       0.001510       0.006379 
     10.715193      10.964782       0.001496       0.006408 
     10.964782      11.220185       0.001516       0.006366 
     11.220185      11.481536       0.001536       0.006324 
     11.481536      11.748976       0.001542       0.006313 
     11.748976      12.022644       0.001560       0.006277 
     12.022644      12.302688       0.001553       0.006291 
     12.302688      12.589254       0.001567       0.006261 
     12.589254      12.882496       0.001563       0.006270 
     12.882496      13.182567       0.001578       0.006239 
     13.182567      13.489629       0.001581       0.006234 
     13.489629      13.803843       0.001618       0.006161 
     13.803843      14.125375       0.001625       0.006149 
     14.125375      14.454398       0.001631       0.006138 
     14.454398      14.791084       0.001664       0.006077 
     14.791084      15.135612       0.001648       0.006106 
     15.135612      15.488166       0.001663       0.006078 
     15.488166      15.848932       0.001665       0.006075 
     15.848932      16.218101       0.001677       0.006052 
     16.218101      16.595869       0.001700       0.006011 
     16.595869      16.982437       0.001729       0.005960 
     16.982437      17.378008       0.001724       0.005970 
     17.378008      17.782794       0.001733       0.005955 
     17.782794      18.197009       0.001755       0.005916 
     18.197009      18.620871       0.001756       0.005915 
     18.620871      19.054607       0.001791       0.005857 
     19.054607      19.498446       0.001798       0.005846 
     19.498446      19.952623       0.001804       0.005836 
     19.952623      20.417379       0.001815       0.005818 
     20.417379      20.892961       0.001853       0.005758 
     20.892961      21.379621       0.001872       0.005728 
     21.379621      21.877616       0.001881       0.005716 
     21.877616      22.387211       0.001903       0.005682 
     22.387211      22.908677       0.001945       0.005620 
     22.908677      23.442288       0.001955       0.005606 
     23.442288      23.988329       0.001971       0.005583 
     23.988329      24.547089       0.001982       0.005567 
     24.547089      25.118864       0.002006       0.005534 
     25.118864      25.703958       0.002036       0.005493 
     25.703958      26.302680       0.002071       0.005447 
     26.302680      26.915348       0.002083       0.005431 
     26.915348      27.542287       0.002125       0.005376 
     27.542287      28.183829       0.002156       0.005338 
     28.183829      28.840315       0.002169       0.005321 
     28.840315      29.512092       0.002194       0.005291 
     29.512092      30.199517       0.002225       0.005255 
     30.199517      30.902954       0.002281       0.005190 
     30.902954      31.622777       0.002295       0.005174 
     31.622777      32.359366       0.002346       0.005117 
     32.359366      33.113112       0.002374       0.005087 
     33.113112      33.884416       0.002399       0.005060 
     33.884416      34.673685       0.002427       0.005031 
     34.673685      35.481339       0.002483       0.004974 
     35.481339      36.307805       0.002515       0.004942 
     36.307805      37.153523       0.002548       0.004910 
     37.153523      38.018940       0.002581       0.004879 
     38.018940      38.904514       0.002611       0.004850 
     38.904514      39.810717       0.002670       0.004797 
     39.810717      40.738028       0.002704       0.004766 
     40.738028      41.686938       0.002741       0.004734 
     41.686938      42.657952       0.002810       0.004675 
     42.657952      43.651583       0.002853       0.004640 
     43.651583      44.668359       0.002921       0.004586 
     44.668359      45.708819       0.002938       0.004572 
     45.708819      46.773514       0.002997       0.004527 
     46.773514      47.863009       0.003026       0.004506 
     47.863009      48.977882       0.003106       0.004447 
     48.977882      50.118723       0.003158       0.004410 
     50.118723      51.286138       0.003195       0.004384 
     51.286138      52.480746       0.003242       0.004353 
     52.480746      53.703180       0.003328       0.004296 
     53.703180      54.954087       0.003403       0.004249 
     54.954087      56.234133       0.003456       0.004215 
     56.234133      57.543994       0.003517       0.004179 
     57.543994      58.884366       0.003557       0.004155 
     58.884366      60.255959       0.003617       0.004121 
     60.255959      61.659500       0.003696       0.004077 
     61.659500      63.095734       0.003748       0.004048 
     63.095734      64.565423       0.003831       0.004004 
     64.565423      66.069345       0.003915       0.003960 
     66.069345      67.608298       0.003962       0.003937 
     67.608298      69.183097       0.004045       0.003897 
     69.183097      70.794578       0.004115       0.003863 
     70.794578      72.443596       0.004169       0.003838 
     72.443596      74.131024       0.004277       0.003789 
     74.131024      75.857758       0.004345       0.003760 
     75.857758      77.624712       0.004421       0.003727 
     77.624712      79.432823       0.004525       0.003684 
     79.432823      81.283052       0.004553       0.003673 
     81.283052      83.176377       0.004644       0.003637 
     83.176377      85.113804       0.004724       0.003605 
     85.113804      87.096359       0.004807       0.003574 
     87.096359      89.125094       0.004920       0.003533 
     89.125094      91.201084       0.004951       0.003522 
     91.201084      93.325430       0.005054       0.003486 
     93.325430      95.499259       0.005140       0.003456 
     95.499259      97.723722       0.005217       0.003431 
     97.723722     100.000000       0.005279       0.003411 
    100.000000     102.329299       0.005361       0.003384 
    102.329299     104.712855       0.005438       0.003360 
    104.712855     107.151931       0.005518       0.003336 
    107.151931     109.647820       0.005551       0.003326 
    109.647820     112.201845       0.005626       0.003304 
    112.201845     114.815362       0.005716       0.003277 
    114.815362     117.489755       0.005725       0.003275 
    117.489755     120.226443       0.005790       0.003256 
    120.226443     123.026877       0.005830       0.003245 
    123.026877     125.892541       0.005855       0.003238 
    125.892541     128.824955       0.005875       0.003233 
    128.824955     131.825674       0.005912       0.003223 
    131.825674     134.896288       0.005895       0.003227 
    134.896288     138.038426       0.005901       0.003226 
    138.038426     141.253754       0.005891       0.003228 
    141.253754     144.543977       0.005862       0.003236 
    144.543977     147.910839       0.005858       0.003237 
    147.910839     151.356125       0.005807       0.003252 
    151.356125     154.881662       0.005758       0.003266 
    154.881662     158.489319       0.005672       0.003290 
    158.489319     162.181010       0.005582       0.003317 
    162.181010     165.958691       0.005510       0.003338 
    165.958691     169.824365       0.005397       0.003373 
    169.824365     173.780083       0.005300       0.003404 
    173.780083     177.827941       0.005156       0.003451 
    177.827941     181.970086       0.004974       0.003514 
    181.970086     186.208714       0.004820       0.003569 
    186.208714     190.546072       0.004662       0.003630 
    190.546072     194.984460       0.004505       0.003692 
    194.984460     199.526231       0.004298       0.003780 
    199.526231     204.173794       0.004151       0.003846 
    204.173794     208.929613       0.003940       0.003948 
    208.929613     213.796209       0.003738       0.004054 
    213.796209     218.776162       0.003566       0.004150 
    218.776162     223.872114       0.003340       0.004288 
    223.872114     229.086765       0.003107       0.004446 
    229.086765     234.422882       0.002926       0.004582 
    234.422882     239.883292       0.002719       0.004753 
    239.883292     245.470892       0.002519       0.004938 
    245.470892     251.188643       0.002351       0.005112 
    251.188643     257.039578       0.002141       0.005356 
    257.039578     263.026799       0.001982       0.005567 
    263.026799     269.153480       0.001789       0.005861 
    269.153480     275.422870       0.001623       0.006152 
    275.422870     281.838293       0.001500       0.006400 
    281.838293     288.403150       0.001309       0.006852 
    288.403150     295.120923       0.001181       0.007214 
    295.120923     301.995172       0.001049       0.007655 
    301.995172     309.029543   9.383571e-04       0.008092 
    309.029543     316.227766   8.171678e-04       0.008672 
    316.227766     323.593657   7.142920e-04       0.009275 
    323.593657     331.131121   6.251208e-04       0.009915 
    331.131121     338.844156   5.439386e-04       0.010629 
    338.844156     346.736850   4.674271e-04       0.011466 
    346.736850     354.813389   3.936810e-04       0.012494 
    354.813389     363.078055   3.341926e-04       0.013560 
    363.078055     371.535229   2.922188e-04       0.014502 
    371.535229     380.189396   2.333448e-04       0.016228 
    380.189396     389.045145   2.021257e-04       0.017437 
    389.045145     398.107171   1.616882e-04       0.019495 
    398.107171     407.380278   1.337876e-04       0.021432 
    407.380278     416.869383   1.077922e-04       0.023877 
    416.869383     426.579519   8.726617e-05       0.026537 
    426.579519     436.515832   6.938275e-05       0.029761 
    436.515832     446.683592   5.254407e-05       0.034199 
    446.683592     457.088190   4.418618e-05       0.037294 
    457.088190     467.735141   3.324718e-05       0.042993 
    467.735141     478.630092   2.372165e-05       0.050899 
    478.630092     489.778819   1.874379e-05       0.057260 
    489.778819     501.187234   1.364302e-05       0.067116 
    501.187234     512.861384   9.095347e-06       0.082199 
    512.861384     524.807460   7.558971e-06       0.090167 
    524.807460     537.031796   5.408044e-06       0.106600 
    537.031796     549.540874   4.670584e-06       0.114708 
    549.540874     562.341325   2.765477e-06       0.149071 
    562.341325     575.439937   1.782196e-06       0.185695 
    575.439937     588.843655   1.229101e-06       0.223607 
    588.843655     602.559586   1.352011e-06       0.213201 
    602.559586     616.595002   4.916404e-07       0.353553 
    616.595002     630.957344   3.072752e-07       0.447214 
    630.957344     645.654229   1.843651e-07       0.577350 
    645.654229     660.693448   1.843651e-07       0.577350 
    660.693448     676.082975   1.229101e-07       0.707107 
    676.082975     691.830971       0.000000       0.000000 
    691.830971     707.945784       0.000000       0.000000 
    707.945784     724.435960       0.000000       0.000000 
    724.435960     741.310241       0.000000       0.000000 
    741.310241     758.577575       0.000000       0.000000 
    758.577575     776.247117       0.000000       0.000000 
    776.247117     794.328235       0.000000       0.000000 
    794.328235     812.830516       0.000000       0.000000 
    812.830516     831.763771       0.000000       0.000000 
    831.763771     851.138038       0.000000       0.000000 
    851.138038     870.963590       0.000000       0.000000 
    870.963590     891.250938       0.000000       0.000000 
    891.250938     912.010839       0.000000       0.000000 
    912.010839     933.254301       0.000000       0.000000 
    933.254301     954.992586       0.000000       0.000000 
    954.992586     977.237221       0.000000       0.000000 
    977.237221    1000.000000       0.000000       0.000000 
