          Format            YIELD 
            Name              n75 
            Unit        #/sr/hist 
            Part          Neutron 

          Emin           Emax          Value    Uncertainty 
      1.000000       1.023293   1.474188e-04       0.015223 
      1.023293       1.047129   1.492978e-04       0.015127 
      1.047129       1.071519   1.574631e-04       0.014729 
      1.071519       1.096478   1.597521e-04       0.014624 
      1.096478       1.122018   1.632710e-04       0.014465 
      1.122018       1.148154   1.697964e-04       0.014184 
      1.148154       1.174898   1.734519e-04       0.014034 
      1.174898       1.202264   1.804556e-04       0.013759 
      1.202264       1.230269   1.889625e-04       0.013446 
      1.230269       1.258925   1.949071e-04       0.013239 
      1.258925       1.288250   1.983919e-04       0.013122 
      1.288250       1.318257   2.010908e-04       0.013034 
      1.318257       1.348963   2.084020e-04       0.012803 
      1.348963       1.380384   2.187538e-04       0.012497 
      1.380384       1.412538   2.197104e-04       0.012469 
      1.412538       1.445440   2.284906e-04       0.012227 
      1.445440       1.479108   2.354942e-04       0.012044 
      1.479108       1.513561   2.420879e-04       0.011879 
      1.513561       1.548817   2.545921e-04       0.011584 
      1.548817       1.584893   2.652171e-04       0.011349 
      1.584893       1.621810   2.630990e-04       0.011395 
      1.621810       1.659587   2.763547e-04       0.011118 
      1.659587       1.698244   2.784387e-04       0.011077 
      1.698244       1.737801   2.885513e-04       0.010881 
      1.737801       1.778279   2.973657e-04       0.010718 
      1.778279       1.819701   3.063851e-04       0.010559 
      1.819701       1.862087   3.127396e-04       0.010451 
      1.862087       1.905461   3.183084e-04       0.010360 
      1.905461       1.949845   3.286943e-04       0.010195 
      1.949845       1.995262   3.352197e-04       0.010095 
      1.995262       2.041738   3.537709e-04       0.009827 
      2.041738       2.089296   3.511403e-04       0.009863 
      2.089296       2.137962   3.675733e-04       0.009640 
      2.137962       2.187762   3.807607e-04       0.009472 
      2.187762       2.238721   3.845529e-04       0.009425 
      2.238721       2.290868   3.968520e-04       0.009278 
      2.290868       2.344229   4.145833e-04       0.009077 
      2.344229       2.398833   4.139683e-04       0.009084 
      2.398833       2.454709   4.246276e-04       0.008969 
      2.454709       2.511886   4.392157e-04       0.008819 
      2.511886       2.570396   4.455019e-04       0.008757 
      2.570396       2.630268   4.620374e-04       0.008598 
      2.630268       2.691535   4.728333e-04       0.008500 
      2.691535       2.754229   4.832534e-04       0.008408 
      2.754229       2.818383   4.949718e-04       0.008307 
      2.818383       2.884032   5.051869e-04       0.008223 
      2.884032       2.951209   5.222690e-04       0.008087 
      2.951209       3.019952   5.334749e-04       0.008002 
      3.019952       3.090295   5.472431e-04       0.007901 
      3.090295       3.162278   5.493955e-04       0.007885 
      3.162278       3.235937   5.679125e-04       0.007755 
      3.235937       3.311311   5.837305e-04       0.007650 
      3.311311       3.388442   5.917933e-04       0.007597 
      3.388442       3.467369   6.060740e-04       0.007507 
      3.467369       3.548134   6.159133e-04       0.007447 
      3.548134       3.630781   6.273583e-04       0.007379 
      3.630781       3.715352   6.436546e-04       0.007285 
      3.715352       3.801894   6.538698e-04       0.007228 
      3.801894       3.890451   6.744708e-04       0.007116 
      3.890451       3.981072   6.741633e-04       0.007118 
      3.981072       4.073803   6.904255e-04       0.007034 
      4.073803       4.168694   7.064144e-04       0.006954 
      4.168694       4.265795   7.190893e-04       0.006892 
      4.265795       4.365158   7.436876e-04       0.006777 
      4.365158       4.466836   7.342583e-04       0.006820 
      4.466836       4.570882   7.598815e-04       0.006704 
      4.570882       4.677351   7.649036e-04       0.006682 
      4.677351       4.786301   7.769636e-04       0.006630 
      4.786301       4.897788   7.957198e-04       0.006552 
      4.897788       5.011872   8.004003e-04       0.006533 
      5.011872       5.128614   8.150909e-04       0.006473 
      5.128614       5.248075   8.243836e-04       0.006437 
      5.248075       5.370318   8.448480e-04       0.006358 
      5.370318       5.495409   8.508609e-04       0.006336 
      5.495409       5.623413   8.639458e-04       0.006288 
      5.623413       5.754399   8.767915e-04       0.006241 
      5.754399       5.888437   8.899790e-04       0.006195 
      5.888437       6.025596   8.881682e-04       0.006201 
      6.025596       6.165950   9.025856e-04       0.006152 
      6.165950       6.309573   9.154997e-04       0.006108 
      6.309573       6.456542   9.307711e-04       0.006058 
      6.456542       6.606934   9.387314e-04       0.006032 
      6.606934       6.760830   9.478532e-04       0.006003 
      6.760830       6.918310   9.513038e-04       0.005992 
      6.918310       7.079458   9.565993e-04       0.005975 
      7.079458       7.244360   9.661311e-04       0.005946 
      7.244360       7.413102   9.702650e-04       0.005933 
      7.413102       7.585776   9.821200e-04       0.005897 
      7.585776       7.762471   9.907977e-04       0.005871 
      7.762471       7.943282       0.001002       0.005839 
      7.943282       8.128305       0.001003       0.005837 
      8.128305       8.317638       0.001016       0.005797 
      8.317638       8.511380       0.001009       0.005818 
      8.511380       8.709636       0.001024       0.005776 
      8.709636       8.912509       0.001015       0.005800 
      8.912509       9.120108       0.001038       0.005735 
      9.120108       9.332543       0.001037       0.005739 
      9.332543       9.549926       0.001038       0.005737 
      9.549926       9.772372       0.001051       0.005701 
      9.772372      10.000000       0.001048       0.005708 
     10.000000      10.232930       0.001048       0.005709 
     10.232930      10.471285       0.001065       0.005662 
     10.471285      10.715193       0.001068       0.005655 
     10.715193      10.964782       0.001065       0.005663 
     10.964782      11.220185       0.001065       0.005663 
     11.220185      11.481536       0.001079       0.005625 
     11.481536      11.748976       0.001078       0.005630 
     11.748976      12.022644       0.001080       0.005624 
     12.022644      12.302688       0.001086       0.005607 
     12.302688      12.589254       0.001102       0.005566 
     12.589254      12.882496       0.001085       0.005610 
     12.882496      13.182567       0.001096       0.005582 
     13.182567      13.489629       0.001098       0.005577 
     13.489629      13.803843       0.001091       0.005596 
     13.803843      14.125375       0.001114       0.005538 
     14.125375      14.454398       0.001110       0.005547 
     14.454398      14.791084       0.001110       0.005548 
     14.791084      15.135612       0.001131       0.005496 
     15.135612      15.488166       0.001121       0.005519 
     15.488166      15.848932       0.001137       0.005480 
     15.848932      16.218101       0.001141       0.005471 
     16.218101      16.595869       0.001138       0.005479 
     16.595869      16.982437       0.001145       0.005462 
     16.982437      17.378008       0.001151       0.005446 
     17.378008      17.782794       0.001158       0.005431 
     17.782794      18.197009       0.001154       0.005440 
     18.197009      18.620871       0.001169       0.005405 
     18.620871      19.054607       0.001170       0.005402 
     19.054607      19.498446       0.001182       0.005375 
     19.498446      19.952623       0.001187       0.005364 
     19.952623      20.417379       0.001197       0.005342 
     20.417379      20.892961       0.001213       0.005306 
     20.892961      21.379621       0.001213       0.005306 
     21.379621      21.877616       0.001222       0.005286 
     21.877616      22.387211       0.001228       0.005274 
     22.387211      22.908677       0.001232       0.005265 
     22.908677      23.442288       0.001228       0.005274 
     23.442288      23.988329       0.001242       0.005243 
     23.988329      24.547089       0.001252       0.005222 
     24.547089      25.118864       0.001261       0.005204 
     25.118864      25.703958       0.001260       0.005207 
     25.703958      26.302680       0.001275       0.005175 
     26.302680      26.915348       0.001290       0.005144 
     26.915348      27.542287       0.001307       0.005111 
     27.542287      28.183829       0.001300       0.005125 
     28.183829      28.840315       0.001303       0.005120 
     28.840315      29.512092       0.001321       0.005085 
     29.512092      30.199517       0.001312       0.005102 
     30.199517      30.902954       0.001318       0.005090 
     30.902954      31.622777       0.001327       0.005074 
     31.622777      32.359366       0.001329       0.005069 
     32.359366      33.113112       0.001336       0.005056 
     33.113112      33.884416       0.001334       0.005060 
     33.884416      34.673685       0.001346       0.005037 
     34.673685      35.481339       0.001366       0.005000 
     35.481339      36.307805       0.001361       0.005009 
     36.307805      37.153523       0.001365       0.005003 
     37.153523      38.018940       0.001358       0.005014 
     38.018940      38.904514       0.001364       0.005005 
     38.904514      39.810717       0.001365       0.005003 
     39.810717      40.738028       0.001365       0.005001 
     40.738028      41.686938       0.001363       0.005005 
     41.686938      42.657952       0.001365       0.005002 
     42.657952      43.651583       0.001362       0.005008 
     43.651583      44.668359       0.001363       0.005006 
     44.668359      45.708819       0.001363       0.005005 
     45.708819      46.773514       0.001358       0.005015 
     46.773514      47.863009       0.001343       0.005043 
     47.863009      48.977882       0.001347       0.005035 
     48.977882      50.118723       0.001341       0.005047 
     50.118723      51.286138       0.001336       0.005056 
     51.286138      52.480746       0.001327       0.005073 
     52.480746      53.703180       0.001322       0.005082 
     53.703180      54.954087       0.001322       0.005083 
     54.954087      56.234133       0.001318       0.005090 
     56.234133      57.543994       0.001288       0.005150 
     57.543994      58.884366       0.001289       0.005147 
     58.884366      60.255959       0.001268       0.005190 
     60.255959      61.659500       0.001247       0.005233 
     61.659500      63.095734       0.001243       0.005242 
     63.095734      64.565423       0.001211       0.005311 
     64.565423      66.069345       0.001205       0.005324 
     66.069345      67.608298       0.001180       0.005379 
     67.608298      69.183097       0.001153       0.005443 
     69.183097      70.794578       0.001146       0.005458 
     70.794578      72.443596       0.001122       0.005518 
     72.443596      74.131024       0.001098       0.005576 
     74.131024      75.857758       0.001066       0.005662 
     75.857758      77.624712       0.001046       0.005713 
     77.624712      79.432823       0.001015       0.005800 
     79.432823      81.283052   9.951024e-04       0.005859 
     81.283052      83.176377   9.695475e-04       0.005935 
     83.176377      85.113804   9.368523e-04       0.006038 
     85.113804      87.096359   9.058995e-04       0.006140 
     87.096359      89.125094   8.783289e-04       0.006236 
     89.125094      91.201084   8.532182e-04       0.006327 
     91.201084      93.325430   8.359994e-04       0.006392 
     93.325430      95.499259   8.100004e-04       0.006494 
     95.499259      97.723722   7.703357e-04       0.006659 
     97.723722     100.000000   7.376405e-04       0.006805 
    100.000000     102.329299   7.065169e-04       0.006953 
    102.329299     104.712855   6.834902e-04       0.007069 
    104.712855     107.151931   6.523665e-04       0.007236 
    107.151931     109.647820   6.219262e-04       0.007411 
    109.647820     112.201845   5.892993e-04       0.007613 
    112.201845     114.815362   5.563991e-04       0.007835 
    114.815362     117.489755   5.356956e-04       0.007985 
    117.489755     120.226443   5.099016e-04       0.008185 
    120.226443     123.026877   4.747807e-04       0.008482 
    123.026877     125.892541   4.524031e-04       0.008689 
    125.892541     128.824955   4.209720e-04       0.009008 
    128.824955     131.825674   3.943580e-04       0.009307 
    131.825674     134.896288   3.738253e-04       0.009559 
    134.896288     138.038426   3.465622e-04       0.009928 
    138.038426     141.253754   3.154386e-04       0.010407 
    141.253754     144.543977   2.944618e-04       0.010771 
    144.543977     147.910839   2.709567e-04       0.011228 
    147.910839     151.356125   2.487158e-04       0.011720 
    151.356125     154.881662   2.282514e-04       0.012234 
    154.881662     158.489319   2.032432e-04       0.012965 
    158.489319     162.181010   1.913882e-04       0.013360 
    162.181010     165.958691   1.715046e-04       0.014114 
    165.958691     169.824365   1.498444e-04       0.015099 
    169.824365     173.780083   1.324890e-04       0.016058 
    173.780083     177.827941   1.209756e-04       0.016805 
    177.827941     181.970086   1.090865e-04       0.017697 
    181.970086     186.208714   9.583075e-05       0.018881 
    186.208714     190.546072   8.588895e-05       0.019944 
    190.546072     194.984460   7.434143e-05       0.021437 
    194.984460     199.526231   6.320388e-05       0.023249 
    199.526231     204.173794   5.415035e-05       0.025118 
    204.173794     208.929613   4.765914e-05       0.026774 
    208.929613     213.796209   3.799066e-05       0.029988 
    213.796209     218.776162   3.447174e-05       0.031481 
    218.776162     223.872114   2.859548e-05       0.034565 
    223.872114     229.086765   2.316337e-05       0.038405 
    229.086765     234.422882   1.916615e-05       0.042220 
    234.422882     239.883292   1.568139e-05       0.046676 
    239.883292     245.470892   1.284576e-05       0.051571 
    245.470892     251.188643   1.076174e-05       0.056344 
    251.188643     257.039578   8.541065e-06       0.063245 
    257.039578     263.026799   7.516137e-06       0.067420 
    263.026799     269.153480   5.705431e-06       0.077382 
    269.153480     275.422870   4.168040e-06       0.090536 
    275.422870     281.838293   3.416426e-06       0.100000 
    281.838293     288.403150   3.006455e-06       0.106600 
    288.403150     295.120923   2.015691e-06       0.130189 
    295.120923     301.995172   1.434899e-06       0.154303 
    301.995172     309.029543   1.229913e-06       0.166667 
    309.029543     316.227766   8.882707e-07       0.196116 
    316.227766     323.593657   8.199422e-07       0.204124 
    323.593657     331.131121   5.466281e-07       0.250000 
    331.131121     338.844156   4.099711e-07       0.288675 
    338.844156     346.736850   2.391498e-07       0.377964 
    346.736850     354.813389   3.416426e-07       0.316228 
    354.813389     363.078055   1.366570e-07       0.500000 
    363.078055     371.535229   1.024928e-07       0.577350 
    371.535229     380.189396   1.366570e-07       0.500000 
    380.189396     389.045145       0.000000       0.000000 
    389.045145     398.107171   3.416426e-08       1.000000 
    398.107171     407.380278   3.416426e-08       1.000000 
    407.380278     416.869383       0.000000       0.000000 
    416.869383     426.579519       0.000000       0.000000 
    426.579519     436.515832       0.000000       0.000000 
    436.515832     446.683592       0.000000       0.000000 
    446.683592     457.088190       0.000000       0.000000 
    457.088190     467.735141       0.000000       0.000000 
    467.735141     478.630092       0.000000       0.000000 
    478.630092     489.778819       0.000000       0.000000 
    489.778819     501.187234       0.000000       0.000000 
    501.187234     512.861384       0.000000       0.000000 
    512.861384     524.807460       0.000000       0.000000 
    524.807460     537.031796       0.000000       0.000000 
    537.031796     549.540874       0.000000       0.000000 
    549.540874     562.341325       0.000000       0.000000 
    562.341325     575.439937       0.000000       0.000000 
    575.439937     588.843655       0.000000       0.000000 
    588.843655     602.559586       0.000000       0.000000 
    602.559586     616.595002       0.000000       0.000000 
    616.595002     630.957344       0.000000       0.000000 
    630.957344     645.654229       0.000000       0.000000 
    645.654229     660.693448       0.000000       0.000000 
    660.693448     676.082975       0.000000       0.000000 
    676.082975     691.830971       0.000000       0.000000 
    691.830971     707.945784       0.000000       0.000000 
    707.945784     724.435960       0.000000       0.000000 
    724.435960     741.310241       0.000000       0.000000 
    741.310241     758.577575       0.000000       0.000000 
    758.577575     776.247117       0.000000       0.000000 
    776.247117     794.328235       0.000000       0.000000 
    794.328235     812.830516       0.000000       0.000000 
    812.830516     831.763771       0.000000       0.000000 
    831.763771     851.138038       0.000000       0.000000 
    851.138038     870.963590       0.000000       0.000000 
    870.963590     891.250938       0.000000       0.000000 
    891.250938     912.010839       0.000000       0.000000 
    912.010839     933.254301       0.000000       0.000000 
    933.254301     954.992586       0.000000       0.000000 
    954.992586     977.237221       0.000000       0.000000 
    977.237221    1000.000000       0.000000       0.000000 
