          Format            YIELD 
            Name              a45 
            Unit        #/sr/hist 
            Part      Generic Ion 

          Emin           Emax          Value    Uncertainty 
      1.000000       1.023293   3.155322e-04       0.008227 
      1.023293       1.047129   3.214067e-04       0.008152 
      1.047129       1.071519   3.253799e-04       0.008102 
      1.071519       1.096478   3.229020e-04       0.008133 
      1.096478       1.122018   3.276015e-04       0.008074 
      1.122018       1.148154   3.355694e-04       0.007978 
      1.148154       1.174898   3.384319e-04       0.007944 
      1.174898       1.202264   3.378551e-04       0.007951 
      1.202264       1.230269   3.429178e-04       0.007892 
      1.230269       1.258925   3.492622e-04       0.007820 
      1.258925       1.288250   3.502662e-04       0.007809 
      1.288250       1.318257   3.530218e-04       0.007778 
      1.318257       1.348963   3.537909e-04       0.007770 
      1.348963       1.380384   3.601566e-04       0.007701 
      1.380384       1.412538   3.603702e-04       0.007698 
      1.412538       1.445440   3.669923e-04       0.007629 
      1.445440       1.479108   3.628695e-04       0.007672 
      1.479108       1.513561   3.608615e-04       0.007693 
      1.513561       1.548817   3.614169e-04       0.007687 
      1.548817       1.584893   3.615878e-04       0.007686 
      1.584893       1.621810   3.645144e-04       0.007655 
      1.621810       1.659587   3.637667e-04       0.007662 
      1.659587       1.698244   3.575291e-04       0.007729 
      1.698244       1.737801   3.615665e-04       0.007686 
      1.737801       1.778279   3.534704e-04       0.007773 
      1.778279       1.819701   3.480019e-04       0.007834 
      1.819701       1.862087   3.489418e-04       0.007824 
      1.862087       1.905461   3.447763e-04       0.007871 
      1.905461       1.949845   3.413370e-04       0.007910 
      1.949845       1.995262   3.400767e-04       0.007925 
      1.995262       2.041738   3.392863e-04       0.007934 
      2.041738       2.089296   3.333051e-04       0.008005 
      2.089296       2.137962   3.314680e-04       0.008027 
      2.137962       2.187762   3.278365e-04       0.008072 
      2.187762       2.238721   3.208513e-04       0.008159 
      2.238721       2.290868   3.238633e-04       0.008121 
      2.290868       2.344229   3.200822e-04       0.008169 
      2.344229       2.398833   3.171771e-04       0.008206 
      2.398833       2.454709   3.111958e-04       0.008285 
      2.454709       2.511886   3.055564e-04       0.008361 
      2.511886       2.570396   3.041465e-04       0.008380 
      2.570396       2.630268   3.054496e-04       0.008362 
      2.630268       2.691535   2.944697e-04       0.008517 
      2.691535       2.754229   2.967554e-04       0.008484 
      2.754229       2.818383   2.916927e-04       0.008557 
      2.818383       2.884032   2.904964e-04       0.008575 
      2.884032       2.951209   2.850919e-04       0.008656 
      2.951209       3.019952   2.842802e-04       0.008668 
      3.019952       3.090295   2.809905e-04       0.008719 
      3.090295       3.162278   2.822081e-04       0.008700 
      3.162278       3.235937   2.755860e-04       0.008804 
      3.235937       3.311311   2.762269e-04       0.008793 
      3.311311       3.388442   2.728304e-04       0.008848 
      3.388442       3.467369   2.730654e-04       0.008844 
      3.467369       3.548134   2.668919e-04       0.008946 
      3.548134       3.630781   2.650761e-04       0.008976 
      3.630781       3.715352   2.622137e-04       0.009025 
      3.715352       3.801894   2.604834e-04       0.009055 
      3.801894       3.890451   2.582404e-04       0.009094 
      3.890451       3.981072   2.526223e-04       0.009195 
      3.981072       4.073803   2.515542e-04       0.009215 
      4.073803       4.168694   2.507425e-04       0.009229 
      4.168694       4.265795   2.451671e-04       0.009334 
      4.265795       4.365158   2.436932e-04       0.009362 
      4.365158       4.466836   2.400403e-04       0.009433 
      4.466836       4.570882   2.330337e-04       0.009574 
      4.570882       4.677351   2.296799e-04       0.009643 
      4.677351       4.786301   2.289537e-04       0.009659 
      4.786301       4.897788   2.266466e-04       0.009708 
      4.897788       5.011872   2.185292e-04       0.009886 
      5.011872       5.128614   2.173757e-04       0.009913 
      5.128614       5.248075   2.160299e-04       0.009943 
      5.248075       5.370318   2.084465e-04       0.010123 
      5.370318       5.495409   2.056909e-04       0.010190 
      5.495409       5.623413   1.996242e-04       0.010344 
      5.623413       5.754399   1.957364e-04       0.010446 
      5.754399       5.888437   1.890502e-04       0.010629 
      5.888437       6.025596   1.821717e-04       0.010828 
      6.025596       6.165950   1.811037e-04       0.010860 
      6.165950       6.309573   1.742252e-04       0.011072 
      6.309573       6.456542   1.673682e-04       0.011297 
      6.456542       6.606934   1.646125e-04       0.011391 
      6.606934       6.760830   1.566660e-04       0.011677 
      6.760830       6.918310   1.527995e-04       0.011823 
      6.918310       7.079458   1.457716e-04       0.012105 
      7.079458       7.244360   1.393417e-04       0.012381 
      7.244360       7.413102   1.366715e-04       0.012502 
      7.413102       7.585776   1.272511e-04       0.012956 
      7.585776       7.762471   1.245809e-04       0.013094 
      7.762471       7.943282   1.183860e-04       0.013432 
      7.943282       8.128305   1.074916e-04       0.014097 
      8.128305       8.317638   1.052913e-04       0.014243 
      8.317638       8.511380   1.003354e-04       0.014591 
      8.511380       8.709636   9.473871e-05       0.015016 
      8.709636       8.912509   9.161991e-05       0.015269 
      8.912509       9.120108   8.491237e-05       0.015861 
      9.120108       9.332543   7.997784e-05       0.016343 
      9.332543       9.549926   7.453063e-05       0.016929 
      9.549926       9.772372   6.968155e-05       0.017509 
      9.772372      10.000000   6.476838e-05       0.018161 
     10.000000      10.232930   6.290992e-05       0.018427 
     10.232930      10.471285   5.808220e-05       0.019177 
     10.471285      10.715193   5.583923e-05       0.019559 
     10.715193      10.964782   4.923849e-05       0.020829 
     10.964782      11.220185   4.584200e-05       0.021586 
     11.220185      11.481536   4.718778e-05       0.021276 
     11.481536      11.748976   4.291546e-05       0.022310 
     11.748976      12.022644   3.791684e-05       0.023735 
     12.022644      12.302688   3.518256e-05       0.024641 
     12.302688      12.589254   3.321729e-05       0.025359 
     12.589254      12.882496   3.091024e-05       0.026288 
     12.882496      13.182567   2.883816e-05       0.027216 
     13.182567      13.489629   2.685153e-05       0.028205 
     13.489629      13.803843   2.465129e-05       0.029437 
     13.803843      14.125375   2.242968e-05       0.030861 
     14.125375      14.454398   2.061395e-05       0.032191 
     14.454398      14.791084   1.950314e-05       0.033095 
     14.791084      15.135612   1.914000e-05       0.033408 
     15.135612      15.488166   1.664069e-05       0.035829 
     15.488166      15.848932   1.638435e-05       0.036108 
     15.848932      16.218101   1.531627e-05       0.037346 
     16.218101      16.595869   1.420547e-05       0.038778 
     16.595869      16.982437   1.360734e-05       0.039621 
     16.982437      17.378008   1.217611e-05       0.041885 
     17.378008      17.782794   1.123620e-05       0.043602 
     17.782794      18.197009   1.046719e-05       0.045175 
     18.197009      18.620871   1.061672e-05       0.044856 
     18.620871      19.054607   9.804975e-06       0.046676 
     19.054607      19.498446   8.074686e-06       0.051434 
     19.498446      19.952623   7.497922e-06       0.053376 
     19.952623      20.417379   8.031962e-06       0.051571 
     20.417379      20.892961   7.070690e-06       0.054965 
     20.892961      21.379621   6.173503e-06       0.058823 
     21.379621      21.877616   7.348391e-06       0.053916 
     21.877616      22.387211   6.237588e-06       0.058520 
     22.387211      22.908677   6.045333e-06       0.059444 
     22.908677      23.442288   5.019977e-06       0.065233 
     23.442288      23.988329   5.233593e-06       0.063888 
     23.988329      24.547089   4.592744e-06       0.068199 
     24.547089      25.118864   4.592744e-06       0.068199 
     25.118864      25.703958   3.823727e-06       0.074743 
     25.703958      26.302680   3.823727e-06       0.074743 
     26.302680      26.915348   4.037343e-06       0.072739 
     26.915348      27.542287   3.567388e-06       0.077382 
     27.542287      28.183829   3.503303e-06       0.078087 
     28.183829      28.840315   3.161517e-06       0.082199 
     28.840315      29.512092   3.417856e-06       0.079057 
     29.512092      30.199517   3.011986e-06       0.084215 
     30.199517      30.902954   2.990624e-06       0.084515 
     30.902954      31.622777   3.161517e-06       0.082199 
     31.622777      32.359366   2.990624e-06       0.084515 
     32.359366      33.113112   2.755647e-06       0.088045 
     33.113112      33.884416   2.712923e-06       0.088736 
     33.884416      34.673685   2.328415e-06       0.095783 
     34.673685      35.481339   2.606115e-06       0.090536 
     35.481339      36.307805   2.114799e-06       0.100504 
     36.307805      37.153523   2.200245e-06       0.098533 
     37.153523      38.018940   1.815736e-06       0.108465 
     38.018940      38.904514   2.007991e-06       0.103142 
     38.904514      39.810717   2.392499e-06       0.094491 
     39.810717      40.738028   2.029352e-06       0.102598 
     40.738028      41.686938   1.730290e-06       0.111111 
     41.686938      42.657952   1.837098e-06       0.107833 
     42.657952      43.651583   1.666205e-06       0.113228 
     43.651583      44.668359   1.922544e-06       0.105409 
     44.668359      45.708819   1.773013e-06       0.109764 
     45.708819      46.773514   1.431227e-06       0.122169 
     46.773514      47.863009   1.580759e-06       0.116248 
     47.863009      48.977882   1.495312e-06       0.119523 
     48.977882      50.118723   1.345781e-06       0.125988 
     50.118723      51.286138   1.025357e-06       0.144338 
     51.286138      52.480746   1.644843e-06       0.113961 
     52.480746      53.703180   1.602120e-06       0.115470 
     53.703180      54.954087   1.046719e-06       0.142857 
     54.954087      56.234133   1.281696e-06       0.129099 
     56.234133      57.543994   1.303058e-06       0.128037 
     57.543994      58.884366   1.345781e-06       0.125988 
     58.884366      60.255959   1.431227e-06       0.122169 
     60.255959      61.659500   9.612721e-07       0.149071 
     61.659500      63.095734   8.544641e-07       0.158114 
     63.095734      64.565423   1.388504e-06       0.124035 
     64.565423      66.069345   1.153527e-06       0.136083 
     66.069345      67.608298   1.110803e-06       0.138675 
     67.608298      69.183097   7.476561e-07       0.169031 
     69.183097      70.794578   8.758257e-07       0.156174 
     70.794578      72.443596   8.758257e-07       0.156174 
     72.443596      74.131024   9.185489e-07       0.152499 
     74.131024      75.857758   1.303058e-06       0.128037 
     75.857758      77.624712   8.117409e-07       0.162221 
     77.624712      79.432823   8.544641e-07       0.158114 
     79.432823      81.283052   1.025357e-06       0.144338 
     81.283052      83.176377   7.903793e-07       0.164399 
     83.176377      85.113804   9.185489e-07       0.152499 
     85.113804      87.096359   7.903793e-07       0.164399 
     87.096359      89.125094   8.331025e-07       0.160128 
     89.125094      91.201084   7.262945e-07       0.171499 
     91.201084      93.325430   5.340401e-07       0.200000 
     93.325430      95.499259   8.971873e-07       0.154303 
     95.499259      97.723722   5.126785e-07       0.204124 
     97.723722     100.000000   6.835713e-07       0.176777 
    100.000000     102.329299   7.476561e-07       0.169031 
    102.329299     104.712855   4.058704e-07       0.229416 
    104.712855     107.151931   5.767633e-07       0.192450 
    107.151931     109.647820   4.699552e-07       0.213201 
    109.647820     112.201845   5.340401e-07       0.200000 
    112.201845     114.815362   4.485936e-07       0.218218 
    114.815362     117.489755   5.554017e-07       0.196116 
    117.489755     120.226443   6.194865e-07       0.185695 
    120.226443     123.026877   6.194865e-07       0.185695 
    123.026877     125.892541   4.058704e-07       0.229416 
    125.892541     128.824955   4.058704e-07       0.229416 
    128.824955     131.825674   2.777008e-07       0.277350 
    131.825674     134.896288   5.126785e-07       0.204124 
    134.896288     138.038426   3.417856e-07       0.250000 
    138.038426     141.253754   3.417856e-07       0.250000 
    141.253754     144.543977   3.631472e-07       0.242536 
    144.543977     147.910839   4.485936e-07       0.218218 
    147.910839     151.356125   2.563392e-07       0.288675 
    151.356125     154.881662   2.349776e-07       0.301511 
    154.881662     158.489319   2.777008e-07       0.277350 
    158.489319     162.181010   1.281696e-07       0.408248 
    162.181010     165.958691   1.708928e-07       0.353553 
    165.958691     169.824365   1.708928e-07       0.353553 
    169.824365     173.780083   2.136160e-07       0.316228 
    173.780083     177.827941   6.408481e-08       0.577350 
    177.827941     181.970086   8.544641e-08       0.500000 
    181.970086     186.208714   1.281696e-07       0.408248 
    186.208714     190.546072   1.922544e-07       0.333333 
    190.546072     194.984460   4.272320e-08       0.707107 
    194.984460     199.526231   8.544641e-08       0.500000 
    199.526231     204.173794   6.408481e-08       0.577350 
    204.173794     208.929613   1.068080e-07       0.447214 
    208.929613     213.796209   4.272320e-08       0.707107 
    213.796209     218.776162   2.136160e-08       1.000000 
    218.776162     223.872114       0.000000       0.000000 
    223.872114     229.086765       0.000000       0.000000 
    229.086765     234.422882   2.136160e-08       1.000000 
    234.422882     239.883292       0.000000       0.000000 
    239.883292     245.470892   4.272320e-08       0.707107 
    245.470892     251.188643   4.272320e-08       0.707107 
    251.188643     257.039578       0.000000       0.000000 
    257.039578     263.026799       0.000000       0.000000 
    263.026799     269.153480       0.000000       0.000000 
    269.153480     275.422870       0.000000       0.000000 
    275.422870     281.838293       0.000000       0.000000 
    281.838293     288.403150       0.000000       0.000000 
    288.403150     295.120923       0.000000       0.000000 
    295.120923     301.995172       0.000000       0.000000 
    301.995172     309.029543       0.000000       0.000000 
    309.029543     316.227766       0.000000       0.000000 
    316.227766     323.593657       0.000000       0.000000 
    323.593657     331.131121       0.000000       0.000000 
    331.131121     338.844156       0.000000       0.000000 
    338.844156     346.736850       0.000000       0.000000 
    346.736850     354.813389       0.000000       0.000000 
    354.813389     363.078055       0.000000       0.000000 
    363.078055     371.535229       0.000000       0.000000 
    371.535229     380.189396       0.000000       0.000000 
    380.189396     389.045145       0.000000       0.000000 
    389.045145     398.107171       0.000000       0.000000 
    398.107171     407.380278       0.000000       0.000000 
    407.380278     416.869383       0.000000       0.000000 
    416.869383     426.579519       0.000000       0.000000 
    426.579519     436.515832       0.000000       0.000000 
    436.515832     446.683592       0.000000       0.000000 
    446.683592     457.088190       0.000000       0.000000 
    457.088190     467.735141       0.000000       0.000000 
    467.735141     478.630092       0.000000       0.000000 
    478.630092     489.778819       0.000000       0.000000 
    489.778819     501.187234       0.000000       0.000000 
    501.187234     512.861384       0.000000       0.000000 
    512.861384     524.807460       0.000000       0.000000 
    524.807460     537.031796       0.000000       0.000000 
    537.031796     549.540874       0.000000       0.000000 
    549.540874     562.341325       0.000000       0.000000 
    562.341325     575.439937       0.000000       0.000000 
    575.439937     588.843655       0.000000       0.000000 
    588.843655     602.559586       0.000000       0.000000 
    602.559586     616.595002       0.000000       0.000000 
    616.595002     630.957344       0.000000       0.000000 
    630.957344     645.654229       0.000000       0.000000 
    645.654229     660.693448       0.000000       0.000000 
    660.693448     676.082975       0.000000       0.000000 
    676.082975     691.830971       0.000000       0.000000 
    691.830971     707.945784       0.000000       0.000000 
    707.945784     724.435960       0.000000       0.000000 
    724.435960     741.310241       0.000000       0.000000 
    741.310241     758.577575       0.000000       0.000000 
    758.577575     776.247117       0.000000       0.000000 
    776.247117     794.328235       0.000000       0.000000 
    794.328235     812.830516       0.000000       0.000000 
    812.830516     831.763771       0.000000       0.000000 
    831.763771     851.138038       0.000000       0.000000 
    851.138038     870.963590       0.000000       0.000000 
    870.963590     891.250938       0.000000       0.000000 
    891.250938     912.010839       0.000000       0.000000 
    912.010839     933.254301       0.000000       0.000000 
    933.254301     954.992586       0.000000       0.000000 
    954.992586     977.237221       0.000000       0.000000 
    977.237221    1000.000000       0.000000       0.000000 
