1	1.02329	1071	1071
1.02329	1.04713	1168	1168
1.04713	1.07152	1281	1281
1.07152	1.09648	1277	1277
1.09648	1.12202	1299	1299
1.12202	1.14815	1360	1360
1.14815	1.1749	1365	1365
1.1749	1.20226	1331	1331
1.20226	1.23027	1473	1473
1.23027	1.25893	1456	1456
1.25893	1.28825	1504	1504
1.28825	1.31826	1619	1619
1.31826	1.34896	1624	1624
1.34896	1.38038	1610	1610
1.38038	1.41254	1695	1695
1.41254	1.44544	1777	1777
1.44544	1.47911	1746	1746
1.47911	1.51356	1792	1792
1.51356	1.54882	1916	1916
1.54882	1.58489	1992	1992
1.58489	1.62181	1952	1952
1.62181	1.65959	1944	1944
1.65959	1.69824	2108	2108
1.69824	1.7378	2089	2089
1.7378	1.77828	2121	2121
1.77828	1.8197	2243	2243
1.8197	1.86209	2223	2223
1.86209	1.90546	2250	2250
1.90546	1.94984	2372	2372
1.94984	1.99526	2459	2459
1.99526	2.04174	2433	2433
2.04174	2.0893	2636	2636
2.0893	2.13796	2602	2602
2.13796	2.18776	2700	2700
2.18776	2.23872	2753	2753
2.23872	2.29087	2788	2788
2.29087	2.34423	2907	2907
2.34423	2.39883	2906	2906
2.39883	2.45471	3012	3012
2.45471	2.51189	3076	3076
2.51189	2.5704	3088	3088
2.5704	2.63027	3067	3067
2.63027	2.69153	3295	3295
2.69153	2.75423	3308	3308
2.75423	2.81838	3410	3410
2.81838	2.88403	3292	3292
2.88403	2.95121	3545	3545
2.95121	3.01995	3550	3550
3.01995	3.0903	3621	3621
3.0903	3.16228	3760	3760
3.16228	3.23594	3714	3714
3.23594	3.31131	3760	3760
3.31131	3.38844	3870	3870
3.38844	3.46737	3990	3990
3.46737	3.54813	4008	4008
3.54813	3.63078	4079	4079
3.63078	3.71535	4270	4270
3.71535	3.80189	4227	4227
3.80189	3.89045	4321	4321
3.89045	3.98107	4420	4420
3.98107	4.0738	4476	4476
4.0738	4.16869	4497	4497
4.16869	4.2658	4629	4629
4.2658	4.36516	4647	4647
4.36516	4.46684	4759	4759
4.46684	4.57088	4762	4762
4.57088	4.67735	4791	4791
4.67735	4.7863	5006	5006
4.7863	4.89779	4998	4998
4.89779	5.01187	5074	5074
5.01187	5.12861	5063	5063
5.12861	5.24807	5145	5145
5.24807	5.37032	5246	5246
5.37032	5.49541	5363	5363
5.49541	5.62341	5370	5370
5.62341	5.7544	5578	5578
5.7544	5.88844	5640	5640
5.88844	6.0256	5628	5628
6.0256	6.16595	5645	5645
6.16595	6.30957	5628	5628
6.30957	6.45654	5726	5726
6.45654	6.60693	5916	5916
6.60693	6.76083	5950	5950
6.76083	6.91831	6069	6069
6.91831	7.07946	6018	6018
7.07946	7.24436	6054	6054
7.24436	7.4131	6127	6127
7.4131	7.58578	6274	6274
7.58578	7.76247	6379	6379
7.76247	7.94328	6373	6373
7.94328	8.12831	6547	6547
8.12831	8.31764	6679	6679
8.31764	8.51138	6444	6444
8.51138	8.70964	6741	6741
8.70964	8.91251	6800	6800
8.91251	9.12011	6709	6709
9.12011	9.33254	6899	6899
9.33254	9.54993	6888	6888
9.54993	9.77237	6948	6948
9.77237	10	7020	7020
10	10.2329	6989	6989
10.2329	10.4713	7194	7194
10.4713	10.7152	7072	7072
10.7152	10.9648	7156	7156
10.9648	11.2202	7242	7242
11.2202	11.4815	7529	7529
11.4815	11.749	7350	7350
11.749	12.0226	7436	7436
12.0226	12.3027	7570	7570
12.3027	12.5893	7771	7771
12.5893	12.8825	7729	7729
12.8825	13.1826	7778	7778
13.1826	13.4896	7763	7763
13.4896	13.8038	7836	7836
13.8038	14.1254	8000	8000
14.1254	14.4544	7919	7919
14.4544	14.7911	8116	8116
14.7911	15.1356	8160	8160
15.1356	15.4882	8259	8259
15.4882	15.8489	8313	8313
15.8489	16.2181	8132	8132
16.2181	16.5959	8567	8567
16.5959	16.9824	8477	8477
16.9824	17.378	8677	8677
17.378	17.7828	8700	8700
17.7828	18.197	8817	8817
18.197	18.6209	8839	8839
18.6209	19.0546	8655	8655
19.0546	19.4984	8777	8777
19.4984	19.9526	8861	8861
19.9526	20.4174	9002	9002
20.4174	20.893	9118	9118
20.893	21.3796	9151	9151
21.3796	21.8776	9485	9485
21.8776	22.3872	9421	9421
22.3872	22.9087	9466	9466
22.9087	23.4423	9632	9632
23.4423	23.9883	9648	9648
23.9883	24.5471	9786	9786
24.5471	25.1189	10021	10021
25.1189	25.704	10084	10084
25.704	26.3027	10200	10200
26.3027	26.9153	10522	10522
26.9153	27.5423	10439	10439
27.5423	28.1838	10682	10682
28.1838	28.8403	10965	10965
28.8403	29.5121	11249	11249
29.5121	30.1995	11286	11286
30.1995	30.903	11526	11526
30.903	31.6228	11612	11612
31.6228	32.3594	11891	11891
32.3594	33.1131	12145	12145
33.1131	33.8844	12256	12256
33.8844	34.6737	12521	12521
34.6737	35.4813	12838	12838
35.4813	36.3078	12977	12977
36.3078	37.1535	13222	13222
37.1535	38.0189	13497	13497
38.0189	38.9045	13920	13920
38.9045	39.8107	14242	14242
39.8107	40.738	14541	14541
40.738	41.6869	14791	14791
41.6869	42.658	15150	15150
42.658	43.6516	15579	15579
43.6516	44.6684	15709	15709
44.6684	45.7088	16273	16273
45.7088	46.7735	16483	16483
46.7735	47.863	16896	16896
47.863	48.9779	17396	17396
48.9779	50.1187	17870	17870
50.1187	51.2861	18125	18125
51.2861	52.4807	18288	18288
52.4807	53.7032	19261	19261
53.7032	54.9541	19521	19521
54.9541	56.2341	20091	20091
56.2341	57.544	20658	20658
57.544	58.8844	21128	21128
58.8844	60.256	21630	21630
60.256	61.6595	22188	22188
61.6595	63.0957	23054	23054
63.0957	64.5654	23880	23880
64.5654	66.0693	24218	24218
66.0693	67.6083	25095	25095
67.6083	69.1831	25673	25673
69.1831	70.7946	26558	26558
70.7946	72.4436	27577	27577
72.4436	74.131	28096	28096
74.131	75.8578	29009	29009
75.8578	77.6247	29962	29962
77.6247	79.4328	30997	30997
79.4328	81.2831	31964	31964
81.2831	83.1764	33033	33033
83.1764	85.1138	34307	34307
85.1138	87.0964	35637	35637
87.0964	89.1251	36859	36859
89.1251	91.2011	38327	38327
91.2011	93.3254	39967	39967
93.3254	95.4993	41789	41789
95.4993	97.7237	42902	42902
97.7237	100	45231	45231
100	102.329	46913	46913
102.329	104.713	49021	49021
104.713	107.152	50900	50900
107.152	109.648	53033	53033
109.648	112.202	55865	55865
112.202	114.815	58293	58293
114.815	117.49	61107	61107
117.49	120.226	63925	63925
120.226	123.027	66940	66940
123.027	125.893	70878	70878
125.893	128.825	74740	74740
128.825	131.826	77856	77856
131.826	134.896	82798	82798
134.896	138.038	87824	87824
138.038	141.254	92850	92850
141.254	144.544	97787	97787
144.544	147.911	104252	104252
147.911	151.356	110212	110212
151.356	154.882	116937	116937
154.882	158.489	124095	124095
158.489	162.181	131844	131844
162.181	165.959	140424	140424
165.959	169.824	148902	148902
169.824	173.78	158649	158649
173.78	177.828	168254	168254
177.828	181.97	178524	178524
181.97	186.209	188981	188981
186.209	190.546	199327	199327
190.546	194.984	211039	211039
194.984	199.526	221672	221672
199.526	204.174	232645	232645
204.174	208.93	244361	244361
208.93	213.796	254986	254986
213.796	218.776	263672	263672
218.776	223.872	274543	274543
223.872	229.087	283504	283504
229.087	234.423	290822	290822
234.423	239.883	296900	296900
239.883	245.471	301385	301385
245.471	251.189	304862	304862
251.189	257.04	305266	305266
257.04	263.027	306578	306578
263.027	269.153	303916	303916
269.153	275.423	299074	299074
275.423	281.838	292704	292704
281.838	288.403	282949	282949
288.403	295.121	272356	272356
295.121	301.995	258417	258417
301.995	309.03	245727	245727
309.03	316.228	230124	230124
316.228	323.594	214239	214239
323.594	331.131	197421	197421
331.131	338.844	180451	180451
338.844	346.737	162730	162730
346.737	354.813	147167	147167
354.813	363.078	130506	130506
363.078	371.535	116376	116376
371.535	380.189	102733	102733
380.189	389.045	90928	90928
389.045	398.107	79410	79410
398.107	407.38	69666	69666
407.38	416.869	59927	59927
416.869	426.58	51300	51300
426.58	436.516	44173	44173
436.516	446.684	36931	36931
446.684	457.088	30484	30484
457.088	467.735	24990	24990
467.735	478.63	20183	20183
478.63	489.779	16389	16389
489.779	501.187	13035	13035
501.187	512.861	10044	10044
512.861	524.807	7853	7853
524.807	537.032	5985	5985
537.032	549.541	4422	4422
549.541	562.341	3315	3315
562.341	575.44	2431	2431
575.44	588.844	1783	1783
588.844	602.56	1157	1157
602.56	616.595	874	874
616.595	630.957	542	542
630.957	645.654	412	412
645.654	660.693	260	260
660.693	676.083	160	160
676.083	691.831	98	98
691.831	707.946	68	68
707.946	724.436	42	42
724.436	741.31	28	28
741.31	758.578	14	14
758.578	776.247	6	6
776.247	794.328	4	4
794.328	812.831	6	6
812.831	831.764	2	2
831.764	851.138	0	0
851.138	870.964	0	0
870.964	891.251	0	0
891.251	912.011	0	0
912.011	933.254	0	0
933.254	954.993	0	0
954.993	977.237	0	0
977.237	1000	0	0
