1	1.02329	2160	2160
1.02329	1.04713	2182	2182
1.04713	1.07152	2231	2231
1.07152	1.09648	2356	2356
1.09648	1.12202	2443	2443
1.12202	1.14815	2483	2483
1.14815	1.1749	2678	2678
1.1749	1.20226	2669	2669
1.20226	1.23027	2748	2748
1.23027	1.25893	2761	2761
1.25893	1.28825	2930	2930
1.28825	1.31826	2930	2930
1.31826	1.34896	3074	3074
1.34896	1.38038	3114	3114
1.38038	1.41254	3262	3262
1.41254	1.44544	3224	3224
1.44544	1.47911	3388	3388
1.47911	1.51356	3348	3348
1.51356	1.54882	3541	3541
1.54882	1.58489	3681	3681
1.58489	1.62181	3787	3787
1.62181	1.65959	3810	3810
1.65959	1.69824	3973	3973
1.69824	1.7378	4048	4048
1.7378	1.77828	4092	4092
1.77828	1.8197	4308	4308
1.8197	1.86209	4284	4284
1.86209	1.90546	4568	4568
1.90546	1.94984	4642	4642
1.94984	1.99526	4732	4732
1.99526	2.04174	4617	4617
2.04174	2.0893	4924	4924
2.0893	2.13796	4871	4871
2.13796	2.18776	5089	5089
2.18776	2.23872	5169	5169
2.23872	2.29087	5412	5412
2.29087	2.34423	5425	5425
2.34423	2.39883	5665	5665
2.39883	2.45471	5645	5645
2.45471	2.51189	5891	5891
2.51189	2.5704	5977	5977
2.5704	2.63027	6004	6004
2.63027	2.69153	6280	6280
2.69153	2.75423	6386	6386
2.75423	2.81838	6515	6515
2.81838	2.88403	6547	6547
2.88403	2.95121	6752	6752
2.95121	3.01995	6891	6891
3.01995	3.0903	7026	7026
3.0903	3.16228	7255	7255
3.16228	3.23594	7389	7389
3.23594	3.31131	7408	7408
3.31131	3.38844	7475	7475
3.38844	3.46737	7640	7640
3.46737	3.54813	7683	7683
3.54813	3.63078	7869	7869
3.63078	3.71535	8122	8122
3.71535	3.80189	8173	8173
3.80189	3.89045	8153	8153
3.89045	3.98107	8563	8563
3.98107	4.0738	8531	8531
4.0738	4.16869	8763	8763
4.16869	4.2658	8872	8872
4.2658	4.36516	8960	8960
4.36516	4.46684	9120	9120
4.46684	4.57088	9161	9161
4.57088	4.67735	9475	9475
4.67735	4.7863	9565	9565
4.7863	4.89779	9625	9625
4.89779	5.01187	9907	9907
5.01187	5.12861	10095	10095
5.12861	5.24807	10064	10064
5.24807	5.37032	10212	10212
5.37032	5.49541	10365	10365
5.49541	5.62341	10561	10561
5.62341	5.7544	10693	10693
5.7544	5.88844	10792	10792
5.88844	6.0256	10778	10778
6.0256	6.16595	11029	11029
6.16595	6.30957	11226	11226
6.30957	6.45654	11375	11375
6.45654	6.60693	11544	11544
6.60693	6.76083	11326	11326
6.76083	6.91831	11527	11527
6.91831	7.07946	11691	11691
7.07946	7.24436	11741	11741
7.24436	7.4131	12354	12354
7.4131	7.58578	12119	12119
7.58578	7.76247	12301	12301
7.76247	7.94328	12467	12467
7.94328	8.12831	12877	12877
8.12831	8.31764	12752	12752
8.31764	8.51138	13025	13025
8.51138	8.70964	12927	12927
8.70964	8.91251	13151	13151
8.91251	9.12011	13322	13322
9.12011	9.33254	13428	13428
9.33254	9.54993	13346	13346
9.54993	9.77237	13685	13685
9.77237	10	13766	13766
10	10.2329	14084	14084
10.2329	10.4713	14093	14093
10.4713	10.7152	14194	14194
10.7152	10.9648	14390	14390
10.9648	11.2202	14566	14566
11.2202	11.4815	14781	14781
11.4815	11.749	14840	14840
11.749	12.0226	14580	14580
12.0226	12.3027	14916	14916
12.3027	12.5893	14897	14897
12.5893	12.8825	15238	15238
12.8825	13.1826	15394	15394
13.1826	13.4896	15390	15390
13.4896	13.8038	15422	15422
13.8038	14.1254	15502	15502
14.1254	14.4544	15736	15736
14.4544	14.7911	15882	15882
14.7911	15.1356	16343	16343
15.1356	15.4882	16074	16074
15.4882	15.8489	16206	16206
15.8489	16.2181	16363	16363
16.2181	16.5959	16779	16779
16.5959	16.9824	16819	16819
16.9824	17.378	16851	16851
17.378	17.7828	17203	17203
17.7828	18.197	17267	17267
18.197	18.6209	17566	17566
18.6209	19.0546	17264	17264
19.0546	19.4984	17419	17419
19.4984	19.9526	17817	17817
19.9526	20.4174	18072	18072
20.4174	20.893	18183	18183
20.893	21.3796	18198	18198
21.3796	21.8776	18291	18291
21.8776	22.3872	18807	18807
22.3872	22.9087	19114	19114
22.9087	23.4423	19223	19223
23.4423	23.9883	19172	19172
23.9883	24.5471	19536	19536
24.5471	25.1189	19919	19919
25.1189	25.704	20274	20274
25.704	26.3027	20278	20278
26.3027	26.9153	20648	20648
26.9153	27.5423	20845	20845
27.5423	28.1838	21148	21148
28.1838	28.8403	21415	21415
28.8403	29.5121	22006	22006
29.5121	30.1995	22113	22113
30.1995	30.903	22454	22454
30.903	31.6228	22930	22930
31.6228	32.3594	23302	23302
32.3594	33.1131	23686	23686
33.1131	33.8844	23798	23798
33.8844	34.6737	24406	24406
34.6737	35.4813	24843	24843
35.4813	36.3078	25210	25210
36.3078	37.1535	25733	25733
37.1535	38.0189	26388	26388
38.0189	38.9045	26824	26824
38.9045	39.8107	27067	27067
39.8107	40.738	27779	27779
40.738	41.6869	28197	28197
41.6869	42.658	28478	28478
42.658	43.6516	29208	29208
43.6516	44.6684	30258	30258
44.6684	45.7088	30681	30681
45.7088	46.7735	30654	30654
46.7735	47.863	31588	31588
47.863	48.9779	32702	32702
48.9779	50.1187	33155	33155
50.1187	51.2861	34092	34092
51.2861	52.4807	34458	34458
52.4807	53.7032	35212	35212
53.7032	54.9541	36402	36402
54.9541	56.2341	36769	36769
56.2341	57.544	37174	37174
57.544	58.8844	38474	38474
58.8844	60.256	39655	39655
60.256	61.6595	40470	40470
61.6595	63.0957	41637	41637
63.0957	64.5654	42606	42606
64.5654	66.0693	43619	43619
66.0693	67.6083	44314	44314
67.6083	69.1831	45360	45360
69.1831	70.7946	47289	47289
70.7946	72.4436	47566	47566
72.4436	74.131	49578	49578
74.131	75.8578	50271	50271
75.8578	77.6247	52118	52118
77.6247	79.4328	53464	53464
79.4328	81.2831	55024	55024
81.2831	83.1764	56409	56409
83.1764	85.1138	58057	58057
85.1138	87.0964	59520	59520
87.0964	89.1251	61237	61237
89.1251	91.2011	63195	63195
91.2011	93.3254	65039	65039
93.3254	95.4993	67497	67497
95.4993	97.7237	69872	69872
97.7237	100	71912	71912
100	102.329	74006	74006
102.329	104.713	76157	76157
104.713	107.152	79104	79104
107.152	109.648	81468	81468
109.648	112.202	84542	84542
112.202	114.815	87524	87524
114.815	117.49	90204	90204
117.49	120.226	93235	93235
120.226	123.027	96725	96725
123.027	125.893	100250	100250
125.893	128.825	103608	103608
128.825	131.826	106509	106509
131.826	134.896	110815	110815
134.896	138.038	113982	113982
138.038	141.254	118330	118330
141.254	144.544	121416	121416
144.544	147.911	124802	124802
147.911	151.356	129378	129378
151.356	154.882	132880	132880
154.882	158.489	137223	137223
158.489	162.181	140625	140625
162.181	165.959	142957	142957
165.959	169.824	147086	147086
169.824	173.78	149765	149765
173.78	177.828	152194	152194
177.828	181.97	154442	154442
181.97	186.209	156542	156542
186.209	190.546	157888	157888
190.546	194.984	158712	158712
194.984	199.526	159604	159604
199.526	204.174	159454	159454
204.174	208.93	159093	159093
208.93	213.796	157714	157714
213.796	218.776	155213	155213
218.776	223.872	152935	152935
223.872	229.087	150228	150228
229.087	234.423	146832	146832
234.423	239.883	141899	141899
239.883	245.471	137238	137238
245.471	251.189	132166	132166
251.189	257.04	125621	125621
257.04	263.027	118874	118874
263.027	269.153	112624	112624
269.153	275.423	104604	104604
275.423	281.838	98458	98458
281.838	288.403	91262	91262
288.403	295.121	84071	84071
295.121	301.995	77065	77065
301.995	309.03	70691	70691
309.03	316.228	64100	64100
316.228	323.594	58318	58318
323.594	331.131	52944	52944
331.131	338.844	47356	47356
338.844	346.737	42571	42571
346.737	354.813	37919	37919
354.813	363.078	33335	33335
363.078	371.535	29792	29792
371.535	380.189	25645	25645
380.189	389.045	22616	22616
389.045	398.107	19316	19316
398.107	407.38	16670	16670
407.38	416.869	13954	13954
416.869	426.58	11804	11804
426.58	436.516	9643	9643
436.516	446.684	7975	7975
446.684	457.088	6395	6395
457.088	467.735	5229	5229
467.735	478.63	3960	3960
478.63	489.779	3235	3235
489.779	501.187	2334	2334
501.187	512.861	1900	1900
512.861	524.807	1389	1389
524.807	537.032	1060	1060
537.032	549.541	769	769
549.541	562.341	569	569
562.341	575.44	374	374
575.44	588.844	278	278
588.844	602.56	203	203
602.56	616.595	131	131
616.595	630.957	98	98
630.957	645.654	74	74
645.654	660.693	33	33
660.693	676.083	26	26
676.083	691.831	16	16
691.831	707.946	9	9
707.946	724.436	4	4
724.436	741.31	3	3
741.31	758.578	1	1
758.578	776.247	1	1
776.247	794.328	0	0
794.328	812.831	1	1
812.831	831.764	1	1
831.764	851.138	0	0
851.138	870.964	0	0
870.964	891.251	0	0
891.251	912.011	0	0
912.011	933.254	0	0
933.254	954.993	0	0
954.993	977.237	0	0
977.237	1000	0	0
