1	1.02329	4870	4870
1.02329	1.04713	5005	5005
1.04713	1.07152	5164	5164
1.07152	1.09648	5349	5349
1.09648	1.12202	5450	5450
1.12202	1.14815	5744	5744
1.14815	1.1749	5811	5811
1.1749	1.20226	6029	6029
1.20226	1.23027	6013	6013
1.23027	1.25893	6290	6290
1.25893	1.28825	6520	6520
1.28825	1.31826	6699	6699
1.31826	1.34896	7045	7045
1.34896	1.38038	7158	7158
1.38038	1.41254	7327	7327
1.41254	1.44544	7495	7495
1.44544	1.47911	7642	7642
1.47911	1.51356	7817	7817
1.51356	1.54882	7992	7992
1.54882	1.58489	8353	8353
1.58489	1.62181	8435	8435
1.62181	1.65959	8721	8721
1.65959	1.69824	9050	9050
1.69824	1.7378	9191	9191
1.7378	1.77828	9664	9664
1.77828	1.8197	9623	9623
1.8197	1.86209	9848	9848
1.86209	1.90546	9956	9956
1.90546	1.94984	10409	10409
1.94984	1.99526	10546	10546
1.99526	2.04174	10692	10692
2.04174	2.0893	10998	10998
2.0893	2.13796	11343	11343
2.13796	2.18776	11742	11742
2.18776	2.23872	11957	11957
2.23872	2.29087	12493	12493
2.29087	2.34423	12381	12381
2.34423	2.39883	12571	12571
2.39883	2.45471	13090	13090
2.45471	2.51189	13325	13325
2.51189	2.5704	13729	13729
2.5704	2.63027	13766	13766
2.63027	2.69153	14342	14342
2.69153	2.75423	14206	14206
2.75423	2.81838	14778	14778
2.81838	2.88403	15193	15193
2.88403	2.95121	15396	15396
2.95121	3.01995	15604	15604
3.01995	3.0903	15715	15715
3.0903	3.16228	16349	16349
3.16228	3.23594	16729	16729
3.23594	3.31131	16700	16700
3.31131	3.38844	17151	17151
3.38844	3.46737	17370	17370
3.46737	3.54813	17831	17831
3.54813	3.63078	18031	18031
3.63078	3.71535	18708	18708
3.71535	3.80189	18713	18713
3.80189	3.89045	18792	18792
3.89045	3.98107	19159	19159
3.98107	4.0738	19807	19807
4.0738	4.16869	19935	19935
4.16869	4.2658	20114	20114
4.2658	4.36516	20737	20737
4.36516	4.46684	20614	20614
4.46684	4.57088	20882	20882
4.57088	4.67735	21607	21607
4.67735	4.7863	21812	21812
4.7863	4.89779	21847	21847
4.89779	5.01187	22274	22274
5.01187	5.12861	22544	22544
5.12861	5.24807	23028	23028
5.24807	5.37032	23057	23057
5.37032	5.49541	23049	23049
5.49541	5.62341	23531	23531
5.62341	5.7544	23939	23939
5.7544	5.88844	24179	24179
5.88844	6.0256	24284	24284
6.0256	6.16595	24722	24722
6.16595	6.30957	25026	25026
6.30957	6.45654	25312	25312
6.45654	6.60693	25564	25564
6.60693	6.76083	25748	25748
6.76083	6.91831	26250	26250
6.91831	7.07946	26231	26231
7.07946	7.24436	26712	26712
7.24436	7.4131	26627	26627
7.4131	7.58578	26844	26844
7.58578	7.76247	27120	27120
7.76247	7.94328	27331	27331
7.94328	8.12831	27709	27709
8.12831	8.31764	27889	27889
8.31764	8.51138	28566	28566
8.51138	8.70964	28419	28419
8.70964	8.91251	28589	28589
8.91251	9.12011	28844	28844
9.12011	9.33254	28910	28910
9.33254	9.54993	29215	29215
9.54993	9.77237	29456	29456
9.77237	10	29875	29875
10	10.2329	29981	29981
10.2329	10.4713	30076	30076
10.4713	10.7152	30219	30219
10.7152	10.9648	30638	30638
10.9648	11.2202	30569	30569
11.2202	11.4815	31474	31474
11.4815	11.749	30983	30983
11.749	12.0226	31583	31583
12.0226	12.3027	31752	31752
12.3027	12.5893	31908	31908
12.5893	12.8825	32035	32035
12.8825	13.1826	32455	32455
13.1826	13.4896	32743	32743
13.4896	13.8038	32873	32873
13.8038	14.1254	33090	33090
14.1254	14.4544	33390	33390
14.4544	14.7911	33471	33471
14.7911	15.1356	34004	34004
15.1356	15.4882	34408	34408
15.4882	15.8489	34420	34420
15.8489	16.2181	34349	34349
16.2181	16.5959	34924	34924
16.5959	16.9824	35179	35179
16.9824	17.378	35442	35442
17.378	17.7828	35988	35988
17.7828	18.197	35907	35907
18.197	18.6209	36978	36978
18.6209	19.0546	36891	36891
19.0546	19.4984	37202	37202
19.4984	19.9526	37785	37785
19.9526	20.4174	38062	38062
20.4174	20.893	38085	38085
20.893	21.3796	38936	38936
21.3796	21.8776	39161	39161
21.8776	22.3872	39501	39501
22.3872	22.9087	40302	40302
22.9087	23.4423	40505	40505
23.4423	23.9883	41051	41051
23.9883	24.5471	41848	41848
24.5471	25.1189	42173	42173
25.1189	25.704	42444	42444
25.704	26.3027	43137	43137
26.3027	26.9153	43972	43972
26.9153	27.5423	44398	44398
27.5423	28.1838	44849	44849
28.1838	28.8403	45789	45789
28.8403	29.5121	46370	46370
29.5121	30.1995	47454	47454
30.1995	30.903	47749	47749
30.903	31.6228	48517	48517
31.6228	32.3594	48991	48991
32.3594	33.1131	49872	49872
33.1131	33.8844	50590	50590
33.8844	34.6737	51502	51502
34.6737	35.4813	52121	52121
35.4813	36.3078	52643	52643
36.3078	37.1535	53576	53576
37.1535	38.0189	54749	54749
38.0189	38.9045	55464	55464
38.9045	39.8107	56148	56148
39.8107	40.738	56609	56609
40.738	41.6869	57184	57184
41.6869	42.658	58191	58191
42.658	43.6516	59336	59336
43.6516	44.6684	59861	59861
44.6684	45.7088	61058	61058
45.7088	46.7735	61740	61740
46.7735	47.863	62643	62643
47.863	48.9779	63048	63048
48.9779	50.1187	64312	64312
50.1187	51.2861	64607	64607
51.2861	52.4807	65778	65778
52.4807	53.7032	66482	66482
53.7032	54.9541	67217	67217
54.9541	56.2341	67855	67855
56.2341	57.544	68724	68724
57.544	58.8844	69838	69838
58.8844	60.256	69803	69803
60.256	61.6595	70577	70577
61.6595	63.0957	71571	71571
63.0957	64.5654	71616	71616
64.5654	66.0693	72347	72347
66.0693	67.6083	72977	72977
67.6083	69.1831	73712	73712
69.1831	70.7946	73743	73743
70.7946	72.4436	73911	73911
72.4436	74.131	74297	74297
74.131	75.8578	74642	74642
75.8578	77.6247	74716	74716
77.6247	79.4328	75026	75026
79.4328	81.2831	75487	75487
81.2831	83.1764	75121	75121
83.1764	85.1138	75147	75147
85.1138	87.0964	74980	74980
87.0964	89.1251	74222	74222
89.1251	91.2011	73703	73703
91.2011	93.3254	73579	73579
93.3254	95.4993	72961	72961
95.4993	97.7237	71889	71889
97.7237	100	71660	71660
100	102.329	70026	70026
102.329	104.713	68938	68938
104.713	107.152	68596	68596
107.152	109.648	67201	67201
109.648	112.202	65669	65669
112.202	114.815	64168	64168
114.815	117.49	62748	62748
117.49	120.226	61171	61171
120.226	123.027	58913	58913
123.027	125.893	57663	57663
125.893	128.825	55927	55927
128.825	131.826	54082	54082
131.826	134.896	52146	52146
134.896	138.038	49876	49876
138.038	141.254	47115	47115
141.254	144.544	45561	45561
144.544	147.911	43083	43083
147.911	151.356	40871	40871
151.356	154.882	38786	38786
154.882	158.489	36644	36644
158.489	162.181	34736	34736
162.181	165.959	31933	31933
165.959	169.824	30422	30422
169.824	173.78	28166	28166
173.78	177.828	25612	25612
177.828	181.97	24118	24118
181.97	186.209	22341	22341
186.209	190.546	20678	20678
190.546	194.984	18667	18667
194.984	199.526	16911	16911
199.526	204.174	15412	15412
204.174	208.93	13916	13916
208.93	213.796	12470	12470
213.796	218.776	11358	11358
218.776	223.872	10061	10061
223.872	229.087	8753	8753
229.087	234.423	7662	7662
234.423	239.883	6753	6753
239.883	245.471	5922	5922
245.471	251.189	5196	5196
251.189	257.04	4374	4374
257.04	263.027	3933	3933
263.027	269.153	3229	3229
269.153	275.423	2804	2804
275.423	281.838	2296	2296
281.838	288.403	2039	2039
288.403	295.121	1679	1679
295.121	301.995	1345	1345
301.995	309.03	1105	1105
309.03	316.228	880	880
316.228	323.594	779	779
323.594	331.131	577	577
331.131	338.844	461	461
338.844	346.737	433	433
346.737	354.813	288	288
354.813	363.078	248	248
363.078	371.535	210	210
371.535	380.189	135	135
380.189	389.045	109	109
389.045	398.107	73	73
398.107	407.38	45	45
407.38	416.869	24	24
416.869	426.58	27	27
426.58	436.516	16	16
436.516	446.684	17	17
446.684	457.088	8	8
457.088	467.735	9	9
467.735	478.63	7	7
478.63	489.779	3	3
489.779	501.187	2	2
501.187	512.861	1	1
512.861	524.807	1	1
524.807	537.032	0	0
537.032	549.541	0	0
549.541	562.341	0	0
562.341	575.44	0	0
575.44	588.844	0	0
588.844	602.56	0	0
602.56	616.595	0	0
616.595	630.957	0	0
630.957	645.654	0	0
645.654	660.693	0	0
660.693	676.083	0	0
676.083	691.831	0	0
691.831	707.946	0	0
707.946	724.436	0	0
724.436	741.31	0	0
741.31	758.578	0	0
758.578	776.247	0	0
776.247	794.328	0	0
794.328	812.831	0	0
812.831	831.764	0	0
831.764	851.138	0	0
851.138	870.964	0	0
870.964	891.251	0	0
891.251	912.011	0	0
912.011	933.254	0	0
933.254	954.993	0	0
954.993	977.237	0	0
977.237	1000	0	0
