3.54813e+00 3.98107e+00 6.04400e+00 1.12380e+00 
3.98107e+00 4.46684e+00 4.21810e+00 9.02810e-01 
4.46684e+00 5.01187e+00 6.05800e+00 9.86310e-01 
5.01187e+00 5.62341e+00 5.89990e+00 8.67760e-01 
5.62341e+00 6.30957e+00 4.08570e+00 7.59240e-01 
6.30957e+00 7.07946e+00 5.39070e+00 7.83450e-01 
7.07946e+00 7.94328e+00 4.95130e+00 7.76300e-01 
7.94328e+00 8.91251e+00 4.43680e+00 7.11390e-01 
8.91251e+00 1.00000e+01 3.13700e+00 6.42760e-01 
1.00000e+01 1.12202e+01 2.94230e+00 6.80540e-01 
1.12202e+01 1.25893e+01 2.85130e+00 6.29220e-01 
1.25893e+01 1.41254e+01 3.55920e+00 6.55960e-01 
1.41254e+01 1.58489e+01 3.25070e+00 6.04890e-01 
1.58489e+01 1.77828e+01 4.15380e+00 6.06150e-01 
1.77828e+01 1.99526e+01 2.79180e+00 5.47940e-01 
1.99526e+01 2.23872e+01 2.65230e+00 5.47020e-01 
2.23872e+01 2.51189e+01 2.84470e+00 5.38090e-01 
2.51189e+01 2.81838e+01 3.61660e+00 5.56970e-01 
2.81838e+01 3.16228e+01 3.60540e+00 5.47450e-01 
3.16228e+01 3.54813e+01 2.97240e+00 5.07620e-01 
3.54813e+01 3.98107e+01 3.16640e+00 4.94750e-01 
3.98107e+01 4.46684e+01 3.10060e+00 4.66150e-01 
4.46684e+01 5.01187e+01 2.80220e+00 4.45140e-01 
5.01187e+01 5.62341e+01 3.76150e+00 4.58640e-01 
5.62341e+01 6.30957e+01 3.70920e+00 4.27930e-01 
6.30957e+01 7.07946e+01 3.01830e+00 4.16840e-01 
7.07946e+01 7.94328e+01 3.94110e+00 4.37080e-01 
7.94328e+01 8.91251e+01 2.93170e+00 4.06060e-01 
8.91251e+01 1.00000e+02 4.33730e+00 4.36820e-01 
1.00000e+02 1.12202e+02 3.53340e+00 4.11640e-01 
1.12202e+02 1.25893e+02 3.50790e+00 3.99210e-01 
1.25893e+02 1.41254e+02 4.04590e+00 4.05010e-01 
1.41254e+02 1.58489e+02 4.20820e+00 3.61700e-01 
1.58489e+02 1.77828e+02 5.16950e+00 3.89180e-01 
1.77828e+02 1.99526e+02 4.07200e+00 3.42540e-01 
1.99526e+02 2.23872e+02 5.08670e+00 3.15180e-01 
2.23872e+02 2.51189e+02 4.76340e+00 2.75940e-01 
2.51189e+02 2.81838e+02 4.50500e+00 2.51550e-01 
2.81838e+02 3.16228e+02 3.33610e+00 2.09680e-01 
3.16228e+02 3.54813e+02 2.26640e+00 1.54710e-01 
3.54813e+02 3.98107e+02 1.97840e+00 1.33660e-01 
3.98107e+02 4.46684e+02 8.34090e-01 8.16570e-02 
4.46684e+02 5.01187e+02 7.47730e-01 6.92800e-02 
5.01187e+02 5.62341e+02 3.44390e-01 4.48880e-02 
5.62341e+02 6.30957e+02 1.25890e-01 2.46260e-02 
6.30957e+02 7.07946e+02 6.38770e-02 1.72190e-02 