3.54813e+00 3.98107e+00 1.23660e+00 8.12690e-01 
3.98107e+00 4.46684e+00 4.44400e+00 1.00740e+00 
4.46684e+00 5.01187e+00 2.46700e+00 8.11480e-01 
5.01187e+00 5.62341e+00 2.19280e+00 8.07350e-01 
5.62341e+00 6.30957e+00 3.78590e+00 8.35740e-01 
6.30957e+00 7.07946e+00 2.75950e+00 7.82940e-01 
7.07946e+00 7.94328e+00 3.90540e+00 7.84180e-01 
7.94328e+00 8.91251e+00 3.78700e+00 7.76810e-01 
8.91251e+00 1.00000e+01 3.33860e+00 7.32640e-01 
1.00000e+01 1.12202e+01 3.67170e+00 7.21180e-01 
1.12202e+01 1.25893e+01 2.08000e+00 6.65020e-01 
1.25893e+01 1.41254e+01 2.08690e+00 6.00670e-01 
1.41254e+01 1.58489e+01 1.91090e+00 5.19090e-01 
1.58489e+01 1.77828e+01 3.12730e+00 5.25690e-01 
1.77828e+01 1.99526e+01 3.78720e+00 4.93430e-01 
1.99526e+01 2.23872e+01 2.72040e+00 4.48740e-01 
2.23872e+01 2.51189e+01 1.98210e+00 3.91570e-01 
2.51189e+01 2.81838e+01 2.96330e+00 4.01820e-01 
2.81838e+01 3.16228e+01 1.92210e+00 3.59470e-01 
3.16228e+01 3.54813e+01 2.90620e+00 4.02010e-01 
3.54813e+01 3.98107e+01 2.32390e+00 3.69170e-01 
3.98107e+01 4.46684e+01 2.47600e+00 3.49860e-01 
4.46684e+01 5.01187e+01 1.97100e+00 3.15520e-01 
5.01187e+01 5.62341e+01 2.69980e+00 3.27220e-01 
5.62341e+01 6.30957e+01 2.53310e+00 3.05810e-01 
6.30957e+01 7.07946e+01 2.91610e+00 3.14030e-01 
7.07946e+01 7.94328e+01 2.64680e+00 3.06820e-01 
7.94328e+01 8.91251e+01 2.70710e+00 3.00010e-01 
8.91251e+01 1.00000e+02 2.30460e+00 2.69810e-01 
1.00000e+02 1.12202e+02 2.37460e+00 2.56380e-01 
1.12202e+02 1.25893e+02 2.38040e+00 2.36450e-01 
1.25893e+02 1.41254e+02 1.92200e+00 2.04890e-01 
1.41254e+02 1.58489e+02 1.60380e+00 1.80280e-01 
1.58489e+02 1.77828e+02 2.05420e+00 2.04670e-01 
1.77828e+02 1.99526e+02 1.78720e+00 1.82310e-01 
1.99526e+02 2.23872e+02 1.51330e+00 1.57880e-01 
2.23872e+02 2.51189e+02 1.35330e+00 1.36730e-01 
2.51189e+02 2.81838e+02 9.75910e-01 1.05130e-01 
2.81838e+02 3.16228e+02 6.86700e-01 8.38590e-02 
3.16228e+02 3.54813e+02 3.15810e-01 5.54820e-02 
3.54813e+02 3.98107e+02 1.48480e-01 3.58120e-02 
3.98107e+02 4.46684e+02 0.00000e+00 0.00000e+00 
4.46684e+02 5.01187e+02 5.86570e-02 2.03190e-02 