3.54813e+00 3.98107e+00 8.80220e+00 1.16400e+00 
3.98107e+00 4.46684e+00 8.07260e+00 1.00200e+00 
4.46684e+00 5.01187e+00 8.83410e+00 9.39200e-01 
5.01187e+00 5.62341e+00 5.63480e+00 7.79920e-01 
5.62341e+00 6.30957e+00 6.98530e+00 7.79480e-01 
6.30957e+00 7.07946e+00 6.65710e+00 7.35800e-01 
7.07946e+00 7.94328e+00 6.01090e+00 6.95600e-01 
7.94328e+00 8.91251e+00 5.80110e+00 6.10080e-01 
8.91251e+00 1.00000e+01 4.49030e+00 5.80450e-01 
1.00000e+01 1.12202e+01 3.86370e+00 5.34770e-01 
1.12202e+01 1.25893e+01 3.61860e+00 4.75970e-01 
1.25893e+01 1.41254e+01 3.03390e+00 4.11640e-01 
1.41254e+01 1.58489e+01 3.13240e+00 4.02900e-01 
1.58489e+01 1.77828e+01 2.21090e+00 3.37410e-01 
1.77828e+01 1.99526e+01 2.76940e+00 3.34710e-01 
1.99526e+01 2.23872e+01 2.90110e+00 3.07010e-01 
2.23872e+01 2.51189e+01 2.18920e+00 2.89490e-01 
2.51189e+01 2.81838e+01 3.07430e+00 3.15930e-01 
2.81838e+01 3.16228e+01 2.44070e+00 2.82260e-01 
3.16228e+01 3.54813e+01 3.03360e+00 2.84930e-01 
3.54813e+01 3.98107e+01 2.28650e+00 2.52600e-01 
3.98107e+01 4.46684e+01 3.13510e+00 2.69620e-01 
4.46684e+01 5.01187e+01 2.67320e+00 2.55860e-01 
5.01187e+01 5.62341e+01 2.94600e+00 2.60060e-01 
5.62341e+01 6.30957e+01 3.15560e+00 2.51020e-01 
6.30957e+01 7.07946e+01 3.23230e+00 2.53450e-01 
7.07946e+01 7.94328e+01 2.81540e+00 2.37700e-01 
7.94328e+01 8.91251e+01 2.17840e+00 2.09920e-01 
8.91251e+01 1.00000e+02 2.36210e+00 1.99220e-01 
1.00000e+02 1.12202e+02 2.15940e+00 1.79570e-01 
1.12202e+02 1.25893e+02 1.59950e+00 1.49730e-01 
1.25893e+02 1.41254e+02 1.44090e+00 1.33010e-01 
1.41254e+02 1.58489e+02 1.32750e+00 1.19470e-01 
1.58489e+02 1.77828e+02 1.17250e+00 1.20900e-01 
1.77828e+02 1.99526e+02 1.06310e+00 1.11680e-01 
1.99526e+02 2.23872e+02 8.68330e-01 9.30710e-02 
2.23872e+02 2.51189e+02 4.75120e-01 6.70070e-02 
2.51189e+02 2.81838e+02 0.00000e+00 0.00000e+00 
2.81838e+02 3.16228e+02 1.68730e-01 3.81190e-02 
3.16228e+02 3.54813e+02 9.11320e-02 2.60380e-02 