3.54813e+00 3.98107e+00 3.26840e+00 4.23190e-01 
3.98107e+00 4.46684e+00 3.15340e+00 3.81050e-01 
4.46684e+00 5.01187e+00 3.96940e+00 3.93130e-01 
5.01187e+00 5.62341e+00 3.66030e+00 3.53510e-01 
5.62341e+00 6.30957e+00 3.54750e+00 3.32070e-01 
6.30957e+00 7.07946e+00 3.44460e+00 3.18140e-01 
7.07946e+00 7.94328e+00 2.98100e+00 2.81930e-01 
7.94328e+00 8.91251e+00 3.30150e+00 2.91430e-01 
8.91251e+00 1.00000e+01 2.51480e+00 2.41620e-01 
1.00000e+01 1.12202e+01 2.90960e+00 2.54250e-01 
1.12202e+01 1.25893e+01 2.05390e+00 2.09050e-01 
1.25893e+01 1.41254e+01 2.23690e+00 2.12140e-01 
1.41254e+01 1.58489e+01 2.07500e+00 1.95080e-01 
1.58489e+01 1.77828e+01 2.00660e+00 1.80960e-01 
1.77828e+01 1.99526e+01 2.13190e+00 1.71580e-01 
1.99526e+01 2.23872e+01 1.95210e+00 1.56260e-01 
2.23872e+01 2.51189e+01 1.85750e+00 1.47870e-01 
2.51189e+01 2.81838e+01 1.54130e+00 1.32300e-01 
2.81838e+01 3.16228e+01 1.57830e+00 1.30560e-01 
3.16228e+01 3.54813e+01 1.83480e+00 1.37840e-01 
3.54813e+01 3.98107e+01 1.61680e+00 1.27950e-01 
3.98107e+01 4.46684e+01 1.63490e+00 1.26150e-01 
4.46684e+01 5.01187e+01 1.63940e+00 1.22550e-01 
5.01187e+01 5.62341e+01 1.33000e+00 1.08900e-01 
5.62341e+01 6.30957e+01 1.52450e+00 1.13880e-01 
6.30957e+01 7.07946e+01 1.39180e+00 1.07160e-01 
7.07946e+01 7.94328e+01 1.51680e+00 1.08810e-01 
7.94328e+01 8.91251e+01 1.17450e+00 9.41670e-02 
8.91251e+01 1.00000e+02 9.67020e-01 8.32550e-02 
1.00000e+02 1.12202e+02 7.97770e-01 7.21900e-02 
1.12202e+02 1.25893e+02 7.42100e-01 6.67240e-02 
1.25893e+02 1.41254e+02 6.44610e-01 5.92710e-02 
1.41254e+02 1.58489e+02 5.18240e-01 5.09860e-02 
1.58489e+02 1.77828e+02 3.57020e-01 4.03760e-02 
1.77828e+02 1.99526e+02 3.08330e-01 3.88280e-02 
1.99526e+02 2.23872e+02 2.62150e-01 3.59200e-02 