3.54813e+00 3.98107e+00 4.40980e+00 3.43230e-01 
3.98107e+00 4.46684e+00 4.69880e+00 3.24080e-01 
4.46684e+00 5.01187e+00 4.35360e+00 2.85790e-01 
5.01187e+00 5.62341e+00 3.86660e+00 2.52180e-01 
5.62341e+00 6.30957e+00 2.73530e+00 2.03430e-01 
6.30957e+00 7.07946e+00 2.57400e+00 1.90380e-01 
7.07946e+00 7.94328e+00 2.63570e+00 1.83900e-01 
7.94328e+00 8.91251e+00 2.52860e+00 1.76910e-01 
8.91251e+00 1.00000e+01 2.52820e+00 1.67640e-01 
1.00000e+01 1.12202e+01 1.94830e+00 1.45000e-01 
1.12202e+01 1.25893e+01 1.72150e+00 1.33340e-01 
1.25893e+01 1.41254e+01 2.04780e+00 1.39970e-01 
1.41254e+01 1.58489e+01 1.82220e+00 1.27010e-01 
1.58489e+01 1.77828e+01 1.57890e+00 1.10910e-01 
1.77828e+01 1.99526e+01 1.26740e+00 9.25700e-02 
1.99526e+01 2.23872e+01 1.27020e+00 8.77330e-02 
2.23872e+01 2.51189e+01 1.36670e+00 8.84580e-02 
2.51189e+01 2.81838e+01 1.30510e+00 8.38680e-02 
2.81838e+01 3.16228e+01 1.26050e+00 8.05070e-02 
3.16228e+01 3.54813e+01 1.24860e+00 7.97700e-02 
3.54813e+01 3.98107e+01 1.10040e+00 7.28310e-02 
3.98107e+01 4.46684e+01 1.06980e+00 7.06950e-02 
4.46684e+01 5.01187e+01 8.33060e-01 6.10620e-02 
5.01187e+01 5.62341e+01 1.00870e+00 6.57350e-02 
5.62341e+01 6.30957e+01 8.69380e-01 5.94080e-02 
6.30957e+01 7.07946e+01 7.32190e-01 5.33890e-02 
7.07946e+01 7.94328e+01 6.33680e-01 4.87410e-02 
7.94328e+01 8.91251e+01 5.70260e-01 4.56030e-02 
8.91251e+01 1.00000e+02 4.92930e-01 4.10620e-02 
1.00000e+02 1.12202e+02 3.48990e-01 3.32550e-02 
1.12202e+02 1.25893e+02 0.00000e+00 0.00000e+00 
1.25893e+02 1.41254e+02 2.04670e-01 2.31670e-02 
1.41254e+02 1.58489e+02 1.97580e-01 2.18130e-02 
1.58489e+02 1.77828e+02 9.30420e-02 1.43420e-02 
1.77828e+02 1.99526e+02 0.00000e+00 0.00000e+00 
1.99526e+02 2.23872e+02 1.06710e-01 1.58930e-02 