3.54813e+00 3.98107e+00 3.58390e+00 2.79550e-01 
3.98107e+00 4.46684e+00 3.28320e+00 2.47480e-01 
4.46684e+00 5.01187e+00 3.17260e+00 2.23020e-01 
5.01187e+00 5.62341e+00 3.15600e+00 2.05870e-01 
5.62341e+00 6.30957e+00 2.67220e+00 1.82750e-01 
6.30957e+00 7.07946e+00 2.85600e+00 1.82690e-01 
7.07946e+00 7.94328e+00 1.92940e+00 1.44010e-01 
7.94328e+00 8.91251e+00 1.76690e+00 1.35520e-01 
8.91251e+00 1.00000e+01 2.02760e+00 1.36920e-01 
1.00000e+01 1.12202e+01 1.77830e+00 1.26730e-01 
1.12202e+01 1.25893e+01 1.53360e+00 1.14400e-01 
1.25893e+01 1.41254e+01 1.30290e+00 1.02750e-01 
1.41254e+01 1.58489e+01 1.39270e+00 1.00750e-01 
1.58489e+01 1.77828e+01 1.16020e+00 8.66980e-02 
1.77828e+01 1.99526e+01 9.66530e-01 7.38700e-02 
1.99526e+01 2.23872e+01 9.04780e-01 6.72480e-02 
2.23872e+01 2.51189e+01 8.68140e-01 6.46180e-02 
2.51189e+01 2.81838e+01 8.29140e-01 6.11110e-02 
2.81838e+01 3.16228e+01 7.94630e-01 5.90120e-02 
3.16228e+01 3.54813e+01 7.33830e-01 5.57780e-02 
3.54813e+01 3.98107e+01 6.19880e-01 5.02620e-02 
3.98107e+01 4.46684e+01 6.58620e-01 5.06600e-02 
4.46684e+01 5.01187e+01 5.92980e-01 4.69950e-02 
5.01187e+01 5.62341e+01 4.53070e-01 4.04510e-02 
5.62341e+01 6.30957e+01 3.23110e-01 3.35790e-02 
6.30957e+01 7.07946e+01 2.99470e-01 3.15380e-02 
7.07946e+01 7.94328e+01 2.61790e-01 2.89020e-02 
7.94328e+01 8.91251e+01 2.08110e-01 2.53840e-02 
8.91251e+01 1.00000e+02 1.96500e-01 2.39680e-02 
1.00000e+02 1.12202e+02 9.12720e-02 1.57950e-02 
1.12202e+02 1.25893e+02 5.63060e-02 1.18620e-02