1	1.02329	17219	17219
1.02329	1.04713	17976	17976
1.04713	1.07152	18427	18427
1.07152	1.09648	18931	18931
1.09648	1.12202	19252	19252
1.12202	1.14815	19865	19865
1.14815	1.1749	20339	20339
1.1749	1.20226	20787	20787
1.20226	1.23027	21408	21408
1.23027	1.25893	22365	22365
1.25893	1.28825	22700	22700
1.28825	1.31826	23270	23270
1.31826	1.34896	23781	23781
1.34896	1.38038	24523	24523
1.38038	1.41254	25181	25181
1.41254	1.44544	25499	25499
1.44544	1.47911	26409	26409
1.47911	1.51356	26848	26848
1.51356	1.54882	27905	27905
1.54882	1.58489	28309	28309
1.58489	1.62181	29286	29286
1.62181	1.65959	29814	29814
1.65959	1.69824	30210	30210
1.69824	1.7378	31154	31154
1.7378	1.77828	31915	31915
1.77828	1.8197	32639	32639
1.8197	1.86209	33482	33482
1.86209	1.90546	34232	34232
1.90546	1.94984	35072	35072
1.94984	1.99526	35614	35614
1.99526	2.04174	36368	36368
2.04174	2.0893	37488	37488
2.0893	2.13796	38061	38061
2.13796	2.18776	38667	38667
2.18776	2.23872	39593	39593
2.23872	2.29087	40393	40393
2.29087	2.34423	41334	41334
2.34423	2.39883	41836	41836
2.39883	2.45471	42966	42966
2.45471	2.51189	43659	43659
2.51189	2.5704	44233	44233
2.5704	2.63027	45390	45390
2.63027	2.69153	45569	45569
2.69153	2.75423	47216	47216
2.75423	2.81838	47943	47943
2.81838	2.88403	48788	48788
2.88403	2.95121	49673	49673
2.95121	3.01995	50077	50077
3.01995	3.0903	51118	51118
3.0903	3.16228	51839	51839
3.16228	3.23594	53254	53254
3.23594	3.31131	53284	53284
3.31131	3.38844	54030	54030
3.38844	3.46737	54751	54751
3.46737	3.54813	55312	55312
3.54813	3.63078	55956	55956
3.63078	3.71535	57219	57219
3.71535	3.80189	57976	57976
3.80189	3.89045	58556	58556
3.89045	3.98107	58183	58183
3.98107	4.0738	59385	59385
4.0738	4.16869	60023	60023
4.16869	4.2658	61484	61484
4.2658	4.36516	61924	61924
4.36516	4.46684	62015	62015
4.46684	4.57088	62762	62762
4.57088	4.67735	63327	63327
4.67735	4.7863	63841	63841
4.7863	4.89779	63984	63984
4.89779	5.01187	64924	64924
5.01187	5.12861	64861	64861
5.12861	5.24807	65698	65698
5.24807	5.37032	66352	66352
5.37032	5.49541	67000	67000
5.49541	5.62341	67088	67088
5.62341	5.7544	67553	67553
5.7544	5.88844	67755	67755
5.88844	6.0256	68391	68391
6.0256	6.16595	68775	68775
6.16595	6.30957	68516	68516
6.30957	6.45654	69186	69186
6.45654	6.60693	69626	69626
6.60693	6.76083	69722	69722
6.76083	6.91831	69462	69462
6.91831	7.07946	70225	70225
7.07946	7.24436	69992	69992
7.24436	7.4131	70314	70314
7.4131	7.58578	70311	70311
7.58578	7.76247	70475	70475
7.76247	7.94328	70612	70612
7.94328	8.12831	70638	70638
8.12831	8.31764	70415	70415
8.31764	8.51138	70871	70871
8.51138	8.70964	70759	70759
8.70964	8.91251	70986	70986
8.91251	9.12011	71249	71249
9.12011	9.33254	70575	70575
9.33254	9.54993	70749	70749
9.54993	9.77237	70631	70631
9.77237	10	70248	70248
10	10.2329	70471	70471
10.2329	10.4713	70480	70480
10.4713	10.7152	69921	69921
10.7152	10.9648	70483	70483
10.9648	11.2202	69758	69758
11.2202	11.4815	70489	70489
11.4815	11.749	69595	69595
11.749	12.0226	69231	69231
12.0226	12.3027	69057	69057
12.3027	12.5893	68932	68932
12.5893	12.8825	68689	68689
12.8825	13.1826	68585	68585
13.1826	13.4896	67479	67479
13.4896	13.8038	68606	68606
13.8038	14.1254	67777	67777
14.1254	14.4544	67340	67340
14.4544	14.7911	66974	66974
14.7911	15.1356	66887	66887
15.1356	15.4882	66098	66098
15.4882	15.8489	66545	66545
15.8489	16.2181	65803	65803
16.2181	16.5959	65045	65045
16.5959	16.9824	65145	65145
16.9824	17.378	64768	64768
17.378	17.7828	64728	64728
17.7828	18.197	64094	64094
18.197	18.6209	64177	64177
18.6209	19.0546	63242	63242
19.0546	19.4984	63086	63086
19.4984	19.9526	62739	62739
19.9526	20.4174	62843	62843
20.4174	20.893	62108	62108
20.893	21.3796	62630	62630
21.3796	21.8776	61393	61393
21.8776	22.3872	61088	61088
22.3872	22.9087	61026	61026
22.9087	23.4423	60973	60973
23.4423	23.9883	60939	60939
23.9883	24.5471	60385	60385
24.5471	25.1189	59930	59930
25.1189	25.704	59627	59627
25.704	26.3027	59541	59541
26.3027	26.9153	59721	59721
26.9153	27.5423	59033	59033
27.5423	28.1838	59098	59098
28.1838	28.8403	58684	58684
28.8403	29.5121	58906	58906
29.5121	30.1995	58829	58829
30.1995	30.903	57867	57867
30.903	31.6228	58229	58229
31.6228	32.3594	57720	57720
32.3594	33.1131	57685	57685
33.1131	33.8844	57712	57712
33.8844	34.6737	56625	56625
34.6737	35.4813	56367	56367
35.4813	36.3078	56608	56608
36.3078	37.1535	56245	56245
37.1535	38.0189	55998	55998
38.0189	38.9045	55672	55672
38.9045	39.8107	55371	55371
39.8107	40.738	54749	54749
40.738	41.6869	54920	54920
41.6869	42.658	54454	54454
42.658	43.6516	53817	53817
43.6516	44.6684	53144	53144
44.6684	45.7088	52902	52902
45.7088	46.7735	52676	52676
46.7735	47.863	52179	52179
47.863	48.9779	51348	51348
48.9779	50.1187	50959	50959
50.1187	51.2861	50237	50237
51.2861	52.4807	49815	49815
52.4807	53.7032	49399	49399
53.7032	54.9541	49352	49352
54.9541	56.2341	48039	48039
56.2341	57.544	47588	47588
57.544	58.8844	47001	47001
58.8844	60.256	46292	46292
60.256	61.6595	45618	45618
61.6595	63.0957	45083	45083
63.0957	64.5654	44069	44069
64.5654	66.0693	43378	43378
66.0693	67.6083	42899	42899
67.6083	69.1831	41629	41629
69.1831	70.7946	40923	40923
70.7946	72.4436	39811	39811
72.4436	74.131	38761	38761
74.131	75.8578	38090	38090
75.8578	77.6247	37128	37128
77.6247	79.4328	35964	35964
79.4328	81.2831	34830	34830
81.2831	83.1764	33863	33863
83.1764	85.1138	33231	33231
85.1138	87.0964	31706	31706
87.0964	89.1251	30336	30336
89.1251	91.2011	29543	29543
91.2011	93.3254	27938	27938
93.3254	95.4993	27154	27154
95.4993	97.7237	25745	25745
97.7237	100	24856	24856
100	102.329	23507	23507
102.329	104.713	22561	22561
104.713	107.152	21100	21100
107.152	109.648	19991	19991
109.648	112.202	18996	18996
112.202	114.815	17935	17935
114.815	117.49	16715	16715
117.49	120.226	15531	15531
120.226	123.027	14700	14700
123.027	125.893	13498	13498
125.893	128.825	12812	12812
128.825	131.826	11602	11602
131.826	134.896	10677	10677
134.896	138.038	9898	9898
138.038	141.254	9058	9058
141.254	144.544	8276	8276
144.544	147.911	7507	7507
147.911	151.356	6742	6742
151.356	154.882	6167	6167
154.882	158.489	5557	5557
158.489	162.181	4972	4972
162.181	165.959	4592	4592
165.959	169.824	3872	3872
169.824	173.78	3477	3477
173.78	177.828	3011	3011
177.828	181.97	2654	2654
181.97	186.209	2370	2370
186.209	190.546	2047	2047
190.546	194.984	1781	1781
194.984	199.526	1481	1481
199.526	204.174	1283	1283
204.174	208.93	1176	1176
208.93	213.796	955	955
213.796	218.776	831	831
218.776	223.872	638	638
223.872	229.087	533	533
229.087	234.423	465	465
234.423	239.883	371	371
239.883	245.471	293	293
245.471	251.189	252	252
251.189	257.04	189	189
257.04	263.027	191	191
263.027	269.153	117	117
269.153	275.423	100	100
275.423	281.838	95	95
281.838	288.403	72	72
288.403	295.121	31	31
295.121	301.995	36	36
301.995	309.03	16	16
309.03	316.228	19	19
316.228	323.594	17	17
323.594	331.131	11	11
331.131	338.844	8	8
338.844	346.737	6	6
346.737	354.813	3	3
354.813	363.078	3	3
363.078	371.535	3	3
371.535	380.189	1	1
380.189	389.045	0	0
389.045	398.107	0	0
398.107	407.38	0	0
407.38	416.869	0	0
416.869	426.58	0	0
426.58	436.516	0	0
436.516	446.684	0	0
446.684	457.088	0	0
457.088	467.735	0	0
467.735	478.63	0	0
478.63	489.779	0	0
489.779	501.187	0	0
501.187	512.861	0	0
512.861	524.807	0	0
524.807	537.032	0	0
537.032	549.541	0	0
549.541	562.341	0	0
562.341	575.44	0	0
575.44	588.844	0	0
588.844	602.56	0	0
602.56	616.595	0	0
616.595	630.957	0	0
630.957	645.654	0	0
645.654	660.693	0	0
660.693	676.083	0	0
676.083	691.831	0	0
691.831	707.946	0	0
707.946	724.436	0	0
724.436	741.31	0	0
741.31	758.578	0	0
758.578	776.247	0	0
776.247	794.328	0	0
794.328	812.831	0	0
812.831	831.764	0	0
831.764	851.138	0	0
851.138	870.964	0	0
870.964	891.251	0	0
891.251	912.011	0	0
912.011	933.254	0	0
933.254	954.993	0	0
954.993	977.237	0	0
977.237	1000	0	0
