1	1.02329	13637	13637
1.02329	1.04713	13882	13882
1.04713	1.07152	14318	14318
1.07152	1.09648	14815	14815
1.09648	1.12202	15291	15291
1.12202	1.14815	15848	15848
1.14815	1.1749	16168	16168
1.1749	1.20226	16500	16500
1.20226	1.23027	16991	16991
1.23027	1.25893	17573	17573
1.25893	1.28825	18152	18152
1.28825	1.31826	18477	18477
1.31826	1.34896	18847	18847
1.34896	1.38038	19174	19174
1.38038	1.41254	19665	19665
1.41254	1.44544	20410	20410
1.44544	1.47911	20904	20904
1.47911	1.51356	21293	21293
1.51356	1.54882	22305	22305
1.54882	1.58489	22564	22564
1.58489	1.62181	23208	23208
1.62181	1.65959	24124	24124
1.65959	1.69824	24319	24319
1.69824	1.7378	24874	24874
1.7378	1.77828	25466	25466
1.77828	1.8197	25935	25935
1.8197	1.86209	26823	26823
1.86209	1.90546	27569	27569
1.90546	1.94984	27890	27890
1.94984	1.99526	28664	28664
1.99526	2.04174	29656	29656
2.04174	2.0893	30219	30219
2.0893	2.13796	30473	30473
2.13796	2.18776	31092	31092
2.18776	2.23872	32094	32094
2.23872	2.29087	32618	32618
2.29087	2.34423	33015	33015
2.34423	2.39883	33917	33917
2.39883	2.45471	34482	34482
2.45471	2.51189	35156	35156
2.51189	2.5704	35697	35697
2.5704	2.63027	36496	36496
2.63027	2.69153	37134	37134
2.69153	2.75423	38046	38046
2.75423	2.81838	38725	38725
2.81838	2.88403	39229	39229
2.88403	2.95121	40144	40144
2.95121	3.01995	40738	40738
3.01995	3.0903	41387	41387
3.0903	3.16228	41953	41953
3.16228	3.23594	42611	42611
3.23594	3.31131	43148	43148
3.31131	3.38844	43749	43749
3.38844	3.46737	44746	44746
3.46737	3.54813	45105	45105
3.54813	3.63078	45948	45948
3.63078	3.71535	46200	46200
3.71535	3.80189	47026	47026
3.80189	3.89045	47436	47436
3.89045	3.98107	48465	48465
3.98107	4.0738	48508	48508
4.0738	4.16869	49509	49509
4.16869	4.2658	49652	49652
4.2658	4.36516	50438	50438
4.36516	4.46684	50733	50733
4.46684	4.57088	51075	51075
4.57088	4.67735	51609	51609
4.67735	4.7863	52845	52845
4.7863	4.89779	52826	52826
4.89779	5.01187	53145	53145
5.01187	5.12861	53858	53858
5.12861	5.24807	53900	53900
5.24807	5.37032	54413	54413
5.37032	5.49541	54589	54589
5.49541	5.62341	55209	55209
5.62341	5.7544	56090	56090
5.7544	5.88844	56194	56194
5.88844	6.0256	55917	55917
6.0256	6.16595	56713	56713
6.16595	6.30957	57099	57099
6.30957	6.45654	56926	56926
6.45654	6.60693	57332	57332
6.60693	6.76083	57490	57490
6.76083	6.91831	58035	58035
6.91831	7.07946	57997	57997
7.07946	7.24436	58443	58443
7.24436	7.4131	58415	58415
7.4131	7.58578	58483	58483
7.58578	7.76247	58889	58889
7.76247	7.94328	58847	58847
7.94328	8.12831	59086	59086
8.12831	8.31764	59104	59104
8.31764	8.51138	59038	59038
8.51138	8.70964	59570	59570
8.70964	8.91251	58887	58887
8.91251	9.12011	59015	59015
9.12011	9.33254	59085	59085
9.33254	9.54993	59053	59053
9.54993	9.77237	59582	59582
9.77237	10	59454	59454
10	10.2329	59065	59065
10.2329	10.4713	59219	59219
10.4713	10.7152	59513	59513
10.7152	10.9648	58860	58860
10.9648	11.2202	59311	59311
11.2202	11.4815	59511	59511
11.4815	11.749	59171	59171
11.749	12.0226	59081	59081
12.0226	12.3027	58882	58882
12.3027	12.5893	58989	58989
12.5893	12.8825	58887	58887
12.8825	13.1826	58712	58712
13.1826	13.4896	58429	58429
13.4896	13.8038	58585	58585
13.8038	14.1254	58458	58458
14.1254	14.4544	58846	58846
14.4544	14.7911	58135	58135
14.7911	15.1356	58329	58329
15.1356	15.4882	57974	57974
15.4882	15.8489	57790	57790
15.8489	16.2181	58141	58141
16.2181	16.5959	57937	57937
16.5959	16.9824	57555	57555
16.9824	17.378	57229	57229
17.378	17.7828	57027	57027
17.7828	18.197	57145	57145
18.197	18.6209	57672	57672
18.6209	19.0546	57518	57518
19.0546	19.4984	57536	57536
19.4984	19.9526	57409	57409
19.9526	20.4174	57295	57295
20.4174	20.893	57350	57350
20.893	21.3796	57828	57828
21.3796	21.8776	56874	56874
21.8776	22.3872	58083	58083
22.3872	22.9087	57738	57738
22.9087	23.4423	57921	57921
23.4423	23.9883	57683	57683
23.9883	24.5471	57893	57893
24.5471	25.1189	58089	58089
25.1189	25.704	58669	58669
25.704	26.3027	58238	58238
26.3027	26.9153	58573	58573
26.9153	27.5423	58681	58681
27.5423	28.1838	58773	58773
28.1838	28.8403	59121	59121
28.8403	29.5121	59243	59243
29.5121	30.1995	59453	59453
30.1995	30.903	59504	59504
30.903	31.6228	59677	59677
31.6228	32.3594	60226	60226
32.3594	33.1131	60060	60060
33.1131	33.8844	60519	60519
33.8844	34.6737	60530	60530
34.6737	35.4813	61202	61202
35.4813	36.3078	61408	61408
36.3078	37.1535	61544	61544
37.1535	38.0189	61708	61708
38.0189	38.9045	62345	62345
38.9045	39.8107	61982	61982
39.8107	40.738	62199	62199
40.738	41.6869	62584	62584
41.6869	42.658	63175	63175
42.658	43.6516	63721	63721
43.6516	44.6684	63593	63593
44.6684	45.7088	63519	63519
45.7088	46.7735	63855	63855
46.7735	47.863	63899	63899
47.863	48.9779	64224	64224
48.9779	50.1187	64303	64303
50.1187	51.2861	64648	64648
51.2861	52.4807	64694	64694
52.4807	53.7032	65109	65109
53.7032	54.9541	64923	64923
54.9541	56.2341	65386	65386
56.2341	57.544	65255	65255
57.544	58.8844	64729	64729
58.8844	60.256	64759	64759
60.256	61.6595	64952	64952
61.6595	63.0957	65049	65049
63.0957	64.5654	64808	64808
64.5654	66.0693	64484	64484
66.0693	67.6083	64459	64459
67.6083	69.1831	64163	64163
69.1831	70.7946	64728	64728
70.7946	72.4436	63400	63400
72.4436	74.131	63857	63857
74.131	75.8578	62970	62970
75.8578	77.6247	62499	62499
77.6247	79.4328	62288	62288
79.4328	81.2831	61546	61546
81.2831	83.1764	61291	61291
83.1764	85.1138	60810	60810
85.1138	87.0964	59823	59823
87.0964	89.1251	59634	59634
89.1251	91.2011	58261	58261
91.2011	93.3254	57463	57463
93.3254	95.4993	56715	56715
95.4993	97.7237	56350	56350
97.7237	100	54734	54734
100	102.329	53165	53165
102.329	104.713	52345	52345
104.713	107.152	51331	51331
107.152	109.648	50073	50073
109.648	112.202	48692	48692
112.202	114.815	46861	46861
114.815	117.49	45635	45635
117.49	120.226	43763	43763
120.226	123.027	42283	42283
123.027	125.893	40568	40568
125.893	128.825	38799	38799
128.825	131.826	36667	36667
131.826	134.896	34770	34770
134.896	138.038	32748	32748
138.038	141.254	31161	31161
141.254	144.544	29227	29227
144.544	147.911	27294	27294
147.911	151.356	25486	25486
151.356	154.882	23642	23642
154.882	158.489	21501	21501
158.489	162.181	19883	19883
162.181	165.959	17904	17904
165.959	169.824	16400	16400
169.824	173.78	14647	14647
173.78	177.828	13332	13332
177.828	181.97	11784	11784
181.97	186.209	10730	10730
186.209	190.546	9469	9469
190.546	194.984	8202	8202
194.984	199.526	7460	7460
199.526	204.174	6470	6470
204.174	208.93	5779	5779
208.93	213.796	4889	4889
213.796	218.776	4366	4366
218.776	223.872	3686	3686
223.872	229.087	3043	3043
229.087	234.423	2756	2756
234.423	239.883	2212	2212
239.883	245.471	1908	1908
245.471	251.189	1544	1544
251.189	257.04	1313	1313
257.04	263.027	1119	1119
263.027	269.153	882	882
269.153	275.423	680	680
275.423	281.838	559	559
281.838	288.403	421	421
288.403	295.121	327	327
295.121	301.995	281	281
301.995	309.03	242	242
309.03	316.228	163	163
316.228	323.594	120	120
323.594	331.131	89	89
331.131	338.844	61	61
338.844	346.737	66	66
346.737	354.813	33	33
354.813	363.078	32	32
363.078	371.535	21	21
371.535	380.189	14	14
380.189	389.045	7	7
389.045	398.107	4	4
398.107	407.38	2	2
407.38	416.869	1	1
416.869	426.58	3	3
426.58	436.516	2	2
436.516	446.684	0	0
446.684	457.088	0	0
457.088	467.735	0	0
467.735	478.63	0	0
478.63	489.779	0	0
489.779	501.187	0	0
501.187	512.861	0	0
512.861	524.807	0	0
524.807	537.032	0	0
537.032	549.541	0	0
549.541	562.341	0	0
562.341	575.44	0	0
575.44	588.844	0	0
588.844	602.56	0	0
602.56	616.595	0	0
616.595	630.957	0	0
630.957	645.654	0	0
645.654	660.693	0	0
660.693	676.083	0	0
676.083	691.831	0	0
691.831	707.946	0	0
707.946	724.436	0	0
724.436	741.31	0	0
741.31	758.578	0	0
758.578	776.247	0	0
776.247	794.328	0	0
794.328	812.831	0	0
812.831	831.764	0	0
831.764	851.138	0	0
851.138	870.964	0	0
870.964	891.251	0	0
891.251	912.011	0	0
912.011	933.254	0	0
933.254	954.993	0	0
954.993	977.237	0	0
977.237	1000	0	0
