1	1.02329	9131	9131
1.02329	1.04713	9552	9552
1.04713	1.07152	9795	9795
1.07152	1.09648	10156	10156
1.09648	1.12202	10449	10449
1.12202	1.14815	10640	10640
1.14815	1.1749	10931	10931
1.1749	1.20226	11172	11172
1.20226	1.23027	11385	11385
1.23027	1.25893	11806	11806
1.25893	1.28825	12208	12208
1.28825	1.31826	12508	12508
1.31826	1.34896	12852	12852
1.34896	1.38038	13123	13123
1.38038	1.41254	13573	13573
1.41254	1.44544	13839	13839
1.44544	1.47911	14031	14031
1.47911	1.51356	14629	14629
1.51356	1.54882	14925	14925
1.54882	1.58489	15210	15210
1.58489	1.62181	15629	15629
1.62181	1.65959	16233	16233
1.65959	1.69824	16470	16470
1.69824	1.7378	16806	16806
1.7378	1.77828	17371	17371
1.77828	1.8197	17645	17645
1.8197	1.86209	18211	18211
1.86209	1.90546	18643	18643
1.90546	1.94984	19232	19232
1.94984	1.99526	19545	19545
1.99526	2.04174	19959	19959
2.04174	2.0893	20571	20571
2.0893	2.13796	20753	20753
2.13796	2.18776	21373	21373
2.18776	2.23872	21372	21372
2.23872	2.29087	22361	22361
2.29087	2.34423	22585	22585
2.34423	2.39883	23445	23445
2.39883	2.45471	23628	23628
2.45471	2.51189	24191	24191
2.51189	2.5704	24892	24892
2.5704	2.63027	25470	25470
2.63027	2.69153	25600	25600
2.69153	2.75423	26048	26048
2.75423	2.81838	26451	26451
2.81838	2.88403	26857	26857
2.88403	2.95121	27590	27590
2.95121	3.01995	27917	27917
3.01995	3.0903	28160	28160
3.0903	3.16228	28786	28786
3.16228	3.23594	29649	29649
3.23594	3.31131	29845	29845
3.31131	3.38844	30154	30154
3.38844	3.46737	31009	31009
3.46737	3.54813	31358	31358
3.54813	3.63078	31743	31743
3.63078	3.71535	32455	32455
3.71535	3.80189	32307	32307
3.80189	3.89045	33004	33004
3.89045	3.98107	33293	33293
3.98107	4.0738	34002	34002
4.0738	4.16869	34156	34156
4.16869	4.2658	34600	34600
4.2658	4.36516	35059	35059
4.36516	4.46684	35986	35986
4.46684	4.57088	36028	36028
4.57088	4.67735	36295	36295
4.67735	4.7863	36350	36350
4.7863	4.89779	36639	36639
4.89779	5.01187	37606	37606
5.01187	5.12861	37354	37354
5.12861	5.24807	37974	37974
5.24807	5.37032	38046	38046
5.37032	5.49541	38304	38304
5.49541	5.62341	38837	38837
5.62341	5.7544	39003	39003
5.7544	5.88844	38927	38927
5.88844	6.0256	39451	39451
6.0256	6.16595	39360	39360
6.16595	6.30957	39789	39789
6.30957	6.45654	39954	39954
6.45654	6.60693	40408	40408
6.60693	6.76083	40229	40229
6.76083	6.91831	40588	40588
6.91831	7.07946	40509	40509
7.07946	7.24436	40934	40934
7.24436	7.4131	40940	40940
7.4131	7.58578	41298	41298
7.58578	7.76247	41010	41010
7.76247	7.94328	41222	41222
7.94328	8.12831	41413	41413
8.12831	8.31764	41792	41792
8.31764	8.51138	41689	41689
8.51138	8.70964	41869	41869
8.70964	8.91251	41901	41901
8.91251	9.12011	41867	41867
9.12011	9.33254	41915	41915
9.33254	9.54993	41847	41847
9.54993	9.77237	41991	41991
9.77237	10	42330	42330
10	10.2329	42008	42008
10.2329	10.4713	42278	42278
10.4713	10.7152	42216	42216
10.7152	10.9648	42108	42108
10.9648	11.2202	42003	42003
11.2202	11.4815	42113	42113
11.4815	11.749	42144	42144
11.749	12.0226	42191	42191
12.0226	12.3027	41926	41926
12.3027	12.5893	42142	42142
12.5893	12.8825	42213	42213
12.8825	13.1826	42282	42282
13.1826	13.4896	42024	42024
13.4896	13.8038	42160	42160
13.8038	14.1254	42325	42325
14.1254	14.4544	42480	42480
14.4544	14.7911	42165	42165
14.7911	15.1356	42498	42498
15.1356	15.4882	42164	42164
15.4882	15.8489	42312	42312
15.8489	16.2181	42360	42360
16.2181	16.5959	42187	42187
16.5959	16.9824	42426	42426
16.9824	17.378	42399	42399
17.378	17.7828	42359	42359
17.7828	18.197	42521	42521
18.197	18.6209	43216	43216
18.6209	19.0546	42641	42641
19.0546	19.4984	42950	42950
19.4984	19.9526	42997	42997
19.9526	20.4174	42826	42826
20.4174	20.893	42909	42909
20.893	21.3796	43469	43469
21.3796	21.8776	43263	43263
21.8776	22.3872	43727	43727
22.3872	22.9087	43375	43375
22.9087	23.4423	43889	43889
23.4423	23.9883	44032	44032
23.9883	24.5471	43999	43999
24.5471	25.1189	44808	44808
25.1189	25.704	44985	44985
25.704	26.3027	44907	44907
26.3027	26.9153	45415	45415
26.9153	27.5423	45777	45777
27.5423	28.1838	45791	45791
28.1838	28.8403	46143	46143
28.8403	29.5121	46530	46530
29.5121	30.1995	47106	47106
30.1995	30.903	47400	47400
30.903	31.6228	47616	47616
31.6228	32.3594	48278	48278
32.3594	33.1131	48854	48854
33.1131	33.8844	49045	49045
33.8844	34.6737	49572	49572
34.6737	35.4813	50024	50024
35.4813	36.3078	49806	49806
36.3078	37.1535	50617	50617
37.1535	38.0189	51336	51336
38.0189	38.9045	51560	51560
38.9045	39.8107	52127	52127
39.8107	40.738	52649	52649
40.738	41.6869	53405	53405
41.6869	42.658	53971	53971
42.658	43.6516	54691	54691
43.6516	44.6684	54959	54959
44.6684	45.7088	55710	55710
45.7088	46.7735	55940	55940
46.7735	47.863	56742	56742
47.863	48.9779	57580	57580
48.9779	50.1187	57699	57699
50.1187	51.2861	58784	58784
51.2861	52.4807	58674	58674
52.4807	53.7032	59280	59280
53.7032	54.9541	59757	59757
54.9541	56.2341	61028	61028
56.2341	57.544	61582	61582
57.544	58.8844	61728	61728
58.8844	60.256	62604	62604
60.256	61.6595	63875	63875
61.6595	63.0957	63847	63847
63.0957	64.5654	64681	64681
64.5654	66.0693	65446	65446
66.0693	67.6083	66245	66245
67.6083	69.1831	66752	66752
69.1831	70.7946	67704	67704
70.7946	72.4436	68712	68712
72.4436	74.131	69410	69410
74.131	75.8578	70190	70190
75.8578	77.6247	70634	70634
77.6247	79.4328	71233	71233
79.4328	81.2831	72453	72453
81.2831	83.1764	73030	73030
83.1764	85.1138	73586	73586
85.1138	87.0964	74173	74173
87.0964	89.1251	74995	74995
89.1251	91.2011	75815	75815
91.2011	93.3254	76178	76178
93.3254	95.4993	77251	77251
95.4993	97.7237	77822	77822
97.7237	100	78411	78411
100	102.329	78795	78795
102.329	104.713	79931	79931
104.713	107.152	80572	80572
107.152	109.648	81061	81061
109.648	112.202	81014	81014
112.202	114.815	81455	81455
114.815	117.49	82195	82195
117.49	120.226	82212	82212
120.226	123.027	81892	81892
123.027	125.893	81925	81925
125.893	128.825	81932	81932
128.825	131.826	81182	81182
131.826	134.896	80927	80927
134.896	138.038	80473	80473
138.038	141.254	79581	79581
141.254	144.544	77774	77774
144.544	147.911	77172	77172
147.911	151.356	75800	75800
151.356	154.882	73977	73977
154.882	158.489	71605	71605
158.489	162.181	69499	69499
162.181	165.959	67159	67159
165.959	169.824	64246	64246
169.824	173.78	61394	61394
173.78	177.828	57969	57969
177.828	181.97	54538	54538
181.97	186.209	51313	51313
186.209	190.546	47066	47066
190.546	194.984	43645	43645
194.984	199.526	40132	40132
199.526	204.174	36385	36385
204.174	208.93	32918	32918
208.93	213.796	29672	29672
213.796	218.776	26694	26694
218.776	223.872	23839	23839
223.872	229.087	21227	21227
229.087	234.423	18769	18769
234.423	239.883	16648	16648
239.883	245.471	14479	14479
245.471	251.189	12776	12776
251.189	257.04	11065	11065
257.04	263.027	9524	9524
263.027	269.153	8428	8428
269.153	275.423	7165	7165
275.423	281.838	6055	6055
281.838	288.403	4925	4925
288.403	295.121	4149	4149
295.121	301.995	3561	3561
301.995	309.03	2797	2797
309.03	316.228	2315	2315
316.228	323.594	1802	1802
323.594	331.131	1510	1510
331.131	338.844	1065	1065
338.844	346.737	833	833
346.737	354.813	648	648
354.813	363.078	483	483
363.078	371.535	371	371
371.535	380.189	294	294
380.189	389.045	198	198
389.045	398.107	127	127
398.107	407.38	95	95
407.38	416.869	82	82
416.869	426.58	48	48
426.58	436.516	27	27
436.516	446.684	22	22
446.684	457.088	12	12
457.088	467.735	1	1
467.735	478.63	7	7
478.63	489.779	5	5
489.779	501.187	2	2
501.187	512.861	1	1
512.861	524.807	2	2
524.807	537.032	1	1
537.032	549.541	0	0
549.541	562.341	0	0
562.341	575.44	0	0
575.44	588.844	0	0
588.844	602.56	0	0
602.56	616.595	0	0
616.595	630.957	0	0
630.957	645.654	0	0
645.654	660.693	0	0
660.693	676.083	0	0
676.083	691.831	0	0
691.831	707.946	0	0
707.946	724.436	0	0
724.436	741.31	0	0
741.31	758.578	0	0
758.578	776.247	0	0
776.247	794.328	0	0
794.328	812.831	0	0
812.831	831.764	0	0
831.764	851.138	0	0
851.138	870.964	0	0
870.964	891.251	0	0
891.251	912.011	0	0
912.011	933.254	0	0
933.254	954.993	0	0
954.993	977.237	0	0
977.237	1000	0	0
