1	1.02329	6510	6510
1.02329	1.04713	6802	6802
1.04713	1.07152	6861	6861
1.07152	1.09648	7148	7148
1.09648	1.12202	7182	7182
1.12202	1.14815	7319	7319
1.14815	1.1749	7787	7787
1.1749	1.20226	7826	7826
1.20226	1.23027	8129	8129
1.23027	1.25893	8451	8451
1.25893	1.28825	8583	8583
1.28825	1.31826	8847	8847
1.31826	1.34896	9159	9159
1.34896	1.38038	9074	9074
1.38038	1.41254	9478	9478
1.41254	1.44544	9712	9712
1.44544	1.47911	9902	9902
1.47911	1.51356	10300	10300
1.51356	1.54882	10610	10610
1.54882	1.58489	10828	10828
1.58489	1.62181	10809	10809
1.62181	1.65959	11261	11261
1.65959	1.69824	11572	11572
1.69824	1.7378	11983	11983
1.7378	1.77828	12291	12291
1.77828	1.8197	12818	12818
1.8197	1.86209	12879	12879
1.86209	1.90546	12995	12995
1.90546	1.94984	13411	13411
1.94984	1.99526	13876	13876
1.99526	2.04174	14030	14030
2.04174	2.0893	14099	14099
2.0893	2.13796	14877	14877
2.13796	2.18776	14959	14959
2.18776	2.23872	15364	15364
2.23872	2.29087	15598	15598
2.29087	2.34423	15976	15976
2.34423	2.39883	16372	16372
2.39883	2.45471	16952	16952
2.45471	2.51189	17097	17097
2.51189	2.5704	17448	17448
2.5704	2.63027	17729	17729
2.63027	2.69153	18164	18164
2.69153	2.75423	18500	18500
2.75423	2.81838	18854	18854
2.81838	2.88403	19052	19052
2.88403	2.95121	19552	19552
2.95121	3.01995	19765	19765
3.01995	3.0903	20170	20170
3.0903	3.16228	20447	20447
3.16228	3.23594	20827	20827
3.23594	3.31131	20902	20902
3.31131	3.38844	21427	21427
3.38844	3.46737	21612	21612
3.46737	3.54813	22097	22097
3.54813	3.63078	22487	22487
3.63078	3.71535	23124	23124
3.71535	3.80189	23167	23167
3.80189	3.89045	23345	23345
3.89045	3.98107	23696	23696
3.98107	4.0738	24084	24084
4.0738	4.16869	24328	24328
4.16869	4.2658	24581	24581
4.2658	4.36516	24741	24741
4.36516	4.46684	25138	25138
4.46684	4.57088	25657	25657
4.57088	4.67735	25520	25520
4.67735	4.7863	25900	25900
4.7863	4.89779	26247	26247
4.89779	5.01187	26561	26561
5.01187	5.12861	26636	26636
5.12861	5.24807	26835	26835
5.24807	5.37032	27136	27136
5.37032	5.49541	27538	27538
5.49541	5.62341	27075	27075
5.62341	5.7544	27698	27698
5.7544	5.88844	27952	27952
5.88844	6.0256	28055	28055
6.0256	6.16595	28123	28123
6.16595	6.30957	28525	28525
6.30957	6.45654	28470	28470
6.45654	6.60693	28583	28583
6.60693	6.76083	28602	28602
6.76083	6.91831	28874	28874
6.91831	7.07946	29025	29025
7.07946	7.24436	29220	29220
7.24436	7.4131	29136	29136
7.4131	7.58578	29356	29356
7.58578	7.76247	29596	29596
7.76247	7.94328	29452	29452
7.94328	8.12831	29461	29461
8.12831	8.31764	29602	29602
8.31764	8.51138	29751	29751
8.51138	8.70964	29937	29937
8.70964	8.91251	29753	29753
8.91251	9.12011	29984	29984
9.12011	9.33254	29842	29842
9.33254	9.54993	30106	30106
9.54993	9.77237	29999	29999
9.77237	10	30029	30029
10	10.2329	29821	29821
10.2329	10.4713	30140	30140
10.4713	10.7152	29803	29803
10.7152	10.9648	30126	30126
10.9648	11.2202	30361	30361
11.2202	11.4815	30208	30208
11.4815	11.749	30221	30221
11.749	12.0226	30457	30457
12.0226	12.3027	30143	30143
12.3027	12.5893	30155	30155
12.5893	12.8825	30479	30479
12.8825	13.1826	30183	30183
13.1826	13.4896	30280	30280
13.4896	13.8038	30417	30417
13.8038	14.1254	30196	30196
14.1254	14.4544	30779	30779
14.4544	14.7911	30520	30520
14.7911	15.1356	30370	30370
15.1356	15.4882	30473	30473
15.4882	15.8489	30464	30464
15.8489	16.2181	30423	30423
16.2181	16.5959	30385	30385
16.5959	16.9824	30348	30348
16.9824	17.378	30799	30799
17.378	17.7828	30466	30466
17.7828	18.197	30791	30791
18.197	18.6209	30986	30986
18.6209	19.0546	31067	31067
19.0546	19.4984	31055	31055
19.4984	19.9526	31005	31005
19.9526	20.4174	31384	31384
20.4174	20.893	31387	31387
20.893	21.3796	31273	31273
21.3796	21.8776	31581	31581
21.8776	22.3872	31996	31996
22.3872	22.9087	31723	31723
22.9087	23.4423	32295	32295
23.4423	23.9883	32077	32077
23.9883	24.5471	32177	32177
24.5471	25.1189	32694	32694
25.1189	25.704	32942	32942
25.704	26.3027	33104	33104
26.3027	26.9153	33231	33231
26.9153	27.5423	33637	33637
27.5423	28.1838	33796	33796
28.1838	28.8403	33869	33869
28.8403	29.5121	34311	34311
29.5121	30.1995	34751	34751
30.1995	30.903	34824	34824
30.903	31.6228	35294	35294
31.6228	32.3594	35803	35803
32.3594	33.1131	35491	35491
33.1131	33.8844	36225	36225
33.8844	34.6737	36648	36648
34.6737	35.4813	36739	36739
35.4813	36.3078	37160	37160
36.3078	37.1535	37493	37493
37.1535	38.0189	37898	37898
38.0189	38.9045	37966	37966
38.9045	39.8107	38927	38927
39.8107	40.738	39283	39283
40.738	41.6869	39701	39701
41.6869	42.658	40311	40311
42.658	43.6516	40600	40600
43.6516	44.6684	40975	40975
44.6684	45.7088	41221	41221
45.7088	46.7735	42146	42146
46.7735	47.863	42088	42088
47.863	48.9779	42522	42522
48.9779	50.1187	43307	43307
50.1187	51.2861	44249	44249
51.2861	52.4807	44409	44409
52.4807	53.7032	45077	45077
53.7032	54.9541	45603	45603
54.9541	56.2341	46031	46031
56.2341	57.544	46843	46843
57.544	58.8844	47662	47662
58.8844	60.256	47742	47742
60.256	61.6595	48760	48760
61.6595	63.0957	49078	49078
63.0957	64.5654	50048	50048
64.5654	66.0693	50761	50761
66.0693	67.6083	51564	51564
67.6083	69.1831	52283	52283
69.1831	70.7946	53045	53045
70.7946	72.4436	53942	53942
72.4436	74.131	54080	54080
74.131	75.8578	55571	55571
75.8578	77.6247	55804	55804
77.6247	79.4328	57213	57213
79.4328	81.2831	58126	58126
81.2831	83.1764	58534	58534
83.1764	85.1138	60078	60078
85.1138	87.0964	60511	60511
87.0964	89.1251	61385	61385
89.1251	91.2011	63163	63163
91.2011	93.3254	64328	64328
93.3254	95.4993	65114	65114
95.4993	97.7237	66925	66925
97.7237	100	67842	67842
100	102.329	68766	68766
102.329	104.713	70139	70139
104.713	107.152	71266	71266
107.152	109.648	72664	72664
109.648	112.202	74917	74917
112.202	114.815	76331	76331
114.815	117.49	77609	77609
117.49	120.226	78902	78902
120.226	123.027	80229	80229
123.027	125.893	81692	81692
125.893	128.825	83148	83148
128.825	131.826	84560	84560
131.826	134.896	85739	85739
134.896	138.038	87697	87697
138.038	141.254	88806	88806
141.254	144.544	89914	89914
144.544	147.911	90886	90886
147.911	151.356	91724	91724
151.356	154.882	92562	92562
154.882	158.489	92119	92119
158.489	162.181	92400	92400
162.181	165.959	91724	91724
165.959	169.824	91749	91749
169.824	173.78	89374	89374
173.78	177.828	88858	88858
177.828	181.97	85487	85487
181.97	186.209	83436	83436
186.209	190.546	79508	79508
190.546	194.984	76038	76038
194.984	199.526	72375	72375
199.526	204.174	67534	67534
204.174	208.93	62529	62529
208.93	213.796	57571	57571
213.796	218.776	52970	52970
218.776	223.872	48182	48182
223.872	229.087	43512	43512
229.087	234.423	39750	39750
234.423	239.883	35787	35787
239.883	245.471	32069	32069
245.471	251.189	28681	28681
251.189	257.04	25892	25892
257.04	263.027	23049	23049
263.027	269.153	20433	20433
269.153	275.423	18012	18012
275.423	281.838	16109	16109
281.838	288.403	13766	13766
288.403	295.121	11775	11775
295.121	301.995	10177	10177
301.995	309.03	8359	8359
309.03	316.228	7060	7060
316.228	323.594	5856	5856
323.594	331.131	4821	4821
331.131	338.844	3917	3917
338.844	346.737	3041	3041
346.737	354.813	2394	2394
354.813	363.078	1879	1879
363.078	371.535	1367	1367
371.535	380.189	1074	1074
380.189	389.045	791	791
389.045	398.107	563	563
398.107	407.38	413	413
407.38	416.869	258	258
416.869	426.58	203	203
426.58	436.516	115	115
436.516	446.684	94	94
446.684	457.088	57	57
457.088	467.735	38	38
467.735	478.63	35	35
478.63	489.779	15	15
489.779	501.187	14	14
501.187	512.861	9	9
512.861	524.807	4	4
524.807	537.032	1	1
537.032	549.541	1	1
549.541	562.341	1	1
562.341	575.44	1	1
575.44	588.844	0	0
588.844	602.56	0	0
602.56	616.595	0	0
616.595	630.957	0	0
630.957	645.654	0	0
645.654	660.693	0	0
660.693	676.083	0	0
676.083	691.831	0	0
691.831	707.946	0	0
707.946	724.436	0	0
724.436	741.31	0	0
741.31	758.578	0	0
758.578	776.247	0	0
776.247	794.328	0	0
794.328	812.831	0	0
812.831	831.764	0	0
831.764	851.138	0	0
851.138	870.964	0	0
870.964	891.251	0	0
891.251	912.011	0	0
912.011	933.254	0	0
933.254	954.993	0	0
954.993	977.237	0	0
977.237	1000	0	0
