1	1.02329	1116	1116
1.02329	1.04713	1068	1068
1.04713	1.07152	1038	1038
1.07152	1.09648	1101	1101
1.09648	1.12202	1198	1198
1.12202	1.14815	1172	1172
1.14815	1.1749	1267	1267
1.1749	1.20226	1271	1271
1.20226	1.23027	1277	1277
1.23027	1.25893	1365	1365
1.25893	1.28825	1358	1358
1.28825	1.31826	1404	1404
1.31826	1.34896	1443	1443
1.34896	1.38038	1413	1413
1.38038	1.41254	1537	1537
1.41254	1.44544	1640	1640
1.44544	1.47911	1560	1560
1.47911	1.51356	1640	1640
1.51356	1.54882	1680	1680
1.54882	1.58489	1768	1768
1.58489	1.62181	1748	1748
1.62181	1.65959	1815	1815
1.65959	1.69824	1941	1941
1.69824	1.7378	1880	1880
1.7378	1.77828	1933	1933
1.77828	1.8197	1969	1969
1.8197	1.86209	2106	2106
1.86209	1.90546	2089	2089
1.90546	1.94984	2150	2150
1.94984	1.99526	2213	2213
1.99526	2.04174	2223	2223
2.04174	2.0893	2242	2242
2.0893	2.13796	2398	2398
2.13796	2.18776	2452	2452
2.18776	2.23872	2400	2400
2.23872	2.29087	2549	2549
2.29087	2.34423	2571	2571
2.34423	2.39883	2587	2587
2.39883	2.45471	2751	2751
2.45471	2.51189	2801	2801
2.51189	2.5704	2824	2824
2.5704	2.63027	2843	2843
2.63027	2.69153	2876	2876
2.69153	2.75423	2920	2920
2.75423	2.81838	3093	3093
2.81838	2.88403	3084	3084
2.88403	2.95121	3094	3094
2.95121	3.01995	3163	3163
3.01995	3.0903	3307	3307
3.0903	3.16228	3408	3408
3.16228	3.23594	3475	3475
3.23594	3.31131	3471	3471
3.31131	3.38844	3500	3500
3.38844	3.46737	3440	3440
3.46737	3.54813	3575	3575
3.54813	3.63078	3675	3675
3.63078	3.71535	3763	3763
3.71535	3.80189	3778	3778
3.80189	3.89045	3792	3792
3.89045	3.98107	3831	3831
3.98107	4.0738	3987	3987
4.0738	4.16869	3981	3981
4.16869	4.2658	4046	4046
4.2658	4.36516	4008	4008
4.36516	4.46684	4107	4107
4.46684	4.57088	4212	4212
4.57088	4.67735	4154	4154
4.67735	4.7863	4173	4173
4.7863	4.89779	4297	4297
4.89779	5.01187	4328	4328
5.01187	5.12861	4272	4272
5.12861	5.24807	4295	4295
5.24807	5.37032	4478	4478
5.37032	5.49541	4460	4460
5.49541	5.62341	4551	4551
5.62341	5.7544	4623	4623
5.7544	5.88844	4484	4484
5.88844	6.0256	4533	4533
6.0256	6.16595	4574	4574
6.16595	6.30957	4572	4572
6.30957	6.45654	4657	4657
6.45654	6.60693	4611	4611
6.60693	6.76083	4759	4759
6.76083	6.91831	4618	4618
6.91831	7.07946	4645	4645
7.07946	7.24436	4774	4774
7.24436	7.4131	4740	4740
7.4131	7.58578	4754	4754
7.58578	7.76247	4855	4855
7.76247	7.94328	4775	4775
7.94328	8.12831	4854	4854
8.12831	8.31764	4838	4838
8.31764	8.51138	4870	4870
8.51138	8.70964	4891	4891
8.70964	8.91251	4774	4774
8.91251	9.12011	4891	4891
9.12011	9.33254	4773	4773
9.33254	9.54993	4778	4778
9.54993	9.77237	4924	4924
9.77237	10	4987	4987
10	10.2329	4928	4928
10.2329	10.4713	4990	4990
10.4713	10.7152	4922	4922
10.7152	10.9648	4943	4943
10.9648	11.2202	4950	4950
11.2202	11.4815	4917	4917
11.4815	11.749	4968	4968
11.749	12.0226	4995	4995
12.0226	12.3027	4898	4898
12.3027	12.5893	4922	4922
12.5893	12.8825	5013	5013
12.8825	13.1826	4885	4885
13.1826	13.4896	4917	4917
13.4896	13.8038	4888	4888
13.8038	14.1254	4871	4871
14.1254	14.4544	4942	4942
14.4544	14.7911	4975	4975
14.7911	15.1356	5032	5032
15.1356	15.4882	5165	5165
15.4882	15.8489	5012	5012
15.8489	16.2181	5031	5031
16.2181	16.5959	5024	5024
16.5959	16.9824	5037	5037
16.9824	17.378	5130	5130
17.378	17.7828	5233	5233
17.7828	18.197	5177	5177
18.197	18.6209	5233	5233
18.6209	19.0546	5208	5208
19.0546	19.4984	5147	5147
19.4984	19.9526	5378	5378
19.9526	20.4174	5324	5324
20.4174	20.893	5234	5234
20.893	21.3796	5249	5249
21.3796	21.8776	5205	5205
21.8776	22.3872	5300	5300
22.3872	22.9087	5392	5392
22.9087	23.4423	5322	5322
23.4423	23.9883	5339	5339
23.9883	24.5471	5516	5516
24.5471	25.1189	5559	5559
25.1189	25.704	5709	5709
25.704	26.3027	5710	5710
26.3027	26.9153	5804	5804
26.9153	27.5423	5628	5628
27.5423	28.1838	5637	5637
28.1838	28.8403	5678	5678
28.8403	29.5121	5781	5781
29.5121	30.1995	5838	5838
30.1995	30.903	5802	5802
30.903	31.6228	5933	5933
31.6228	32.3594	5845	5845
32.3594	33.1131	5923	5923
33.1131	33.8844	6034	6034
33.8844	34.6737	6125	6125
34.6737	35.4813	6110	6110
35.4813	36.3078	6356	6356
36.3078	37.1535	6121	6121
37.1535	38.0189	6389	6389
38.0189	38.9045	6278	6278
38.9045	39.8107	6534	6534
39.8107	40.738	6470	6470
40.738	41.6869	6524	6524
41.6869	42.658	6426	6426
42.658	43.6516	6482	6482
43.6516	44.6684	6798	6798
44.6684	45.7088	6784	6784
45.7088	46.7735	6894	6894
46.7735	47.863	6849	6849
47.863	48.9779	7001	7001
48.9779	50.1187	7252	7252
50.1187	51.2861	7185	7185
51.2861	52.4807	7087	7087
52.4807	53.7032	7328	7328
53.7032	54.9541	7230	7230
54.9541	56.2341	7561	7561
56.2341	57.544	7661	7661
57.544	58.8844	7600	7600
58.8844	60.256	7972	7972
60.256	61.6595	8095	8095
61.6595	63.0957	8088	8088
63.0957	64.5654	8338	8338
64.5654	66.0693	8336	8336
66.0693	67.6083	8442	8442
67.6083	69.1831	8814	8814
69.1831	70.7946	8859	8859
70.7946	72.4436	8944	8944
72.4436	74.131	9162	9162
74.131	75.8578	9410	9410
75.8578	77.6247	9498	9498
77.6247	79.4328	9849	9849
79.4328	81.2831	10241	10241
81.2831	83.1764	10391	10391
83.1764	85.1138	10477	10477
85.1138	87.0964	10676	10676
87.0964	89.1251	11095	11095
89.1251	91.2011	11359	11359
91.2011	93.3254	11797	11797
93.3254	95.4993	12134	12134
95.4993	97.7237	12419	12419
97.7237	100	13027	13027
100	102.329	13318	13318
102.329	104.713	13754	13754
104.713	107.152	14188	14188
107.152	109.648	14716	14716
109.648	112.202	15229	15229
112.202	114.815	15766	15766
114.815	117.49	16783	16783
117.49	120.226	17228	17228
120.226	123.027	17936	17936
123.027	125.893	19134	19134
125.893	128.825	19455	19455
128.825	131.826	20948	20948
131.826	134.896	21759	21759
134.896	138.038	22750	22750
138.038	141.254	23997	23997
141.254	144.544	25648	25648
144.544	147.911	27061	27061
147.911	151.356	29339	29339
151.356	154.882	31343	31343
154.882	158.489	33708	33708
158.489	162.181	37224	37224
162.181	165.959	40426	40426
165.959	169.824	44589	44589
169.824	173.78	49838	49838
173.78	177.828	56088	56088
177.828	181.97	63099	63099
181.97	186.209	72028	72028
186.209	190.546	81645	81645
190.546	194.984	93160	93160
194.984	199.526	104954	104954
199.526	204.174	116877	116877
204.174	208.93	127676	127676
208.93	213.796	137207	137207
213.796	218.776	142719	142719
218.776	223.872	144199	144199
223.872	229.087	138806	138806
229.087	234.423	128579	128579
234.423	239.883	114994	114994
239.883	245.471	99359	99359
245.471	251.189	83335	83335
251.189	257.04	69036	69036
257.04	263.027	55220	55220
263.027	269.153	43889	43889
269.153	275.423	35655	35655
275.423	281.838	28856	28856
281.838	288.403	24011	24011
288.403	295.121	20006	20006
295.121	301.995	16887	16887
301.995	309.03	14030	14030
309.03	316.228	11525	11525
316.228	323.594	9322	9322
323.594	331.131	7656	7656
331.131	338.844	6017	6017
338.844	346.737	4685	4685
346.737	354.813	3588	3588
354.813	363.078	2641	2641
363.078	371.535	2036	2036
371.535	380.189	1573	1573
380.189	389.045	1050	1050
389.045	398.107	892	892
398.107	407.38	578	578
407.38	416.869	428	428
416.869	426.58	312	312
426.58	436.516	224	224
436.516	446.684	147	147
446.684	457.088	100	100
457.088	467.735	65	65
467.735	478.63	58	58
478.63	489.779	35	35
489.779	501.187	21	21
501.187	512.861	19	19
512.861	524.807	13	13
524.807	537.032	5	5
537.032	549.541	4	4
549.541	562.341	3	3
562.341	575.44	0	0
575.44	588.844	0	0
588.844	602.56	0	0
602.56	616.595	1	1
616.595	630.957	0	0
630.957	645.654	0	0
645.654	660.693	0	0
660.693	676.083	0	0
676.083	691.831	0	0
691.831	707.946	0	0
707.946	724.436	0	0
724.436	741.31	0	0
741.31	758.578	0	0
758.578	776.247	0	0
776.247	794.328	0	0
794.328	812.831	0	0
812.831	831.764	0	0
831.764	851.138	0	0
851.138	870.964	0	0
870.964	891.251	0	0
891.251	912.011	0	0
912.011	933.254	0	0
933.254	954.993	0	0
954.993	977.237	0	0
977.237	1000	0	0
