  1    0        8.0713
  1    1        7.2890
  2    1       13.1357
  3    1       14.9498
  4    1       25.9010
  5    1       32.8924
  6    1       41.8638
  7    1       49.1350
  3    2       14.9312
  4    2        2.4249
  5    2       11.3862
  6    2       17.5951
  7    2       26.1010
  8    2       31.5980
  9    2       40.9390
 10    2       48.8090
  4    3       25.3232
  5    3       11.6789
  6    3       14.0868
  7    3       14.9081
  8    3       20.9468
  9    3       24.9540
 10    3       33.0500
 11    3       40.7973
 12    3       50.0960
  6    4       18.3749
  7    4       15.7700
  8    4        4.9417
  9    4       11.3470
 10    4       12.6060
 11    4       20.1741
 12    4       25.0765
 13    4       33.2478
 14    4       39.9540
 15    4       49.7980
 16    4       57.6780
  7    5       27.8683
  8    5       22.9215
  9    5       12.4150
 10    5       12.0500
 11    5        8.6679
 12    5       13.3689
 13    5       16.5622
 14    5       23.6630
 15    5       28.9723
 16    5       37.0817
 17    5       43.7708
 18    5       52.3220
 19    5       59.3640
  8    6       35.0941
  9    6       28.9100
 10    6       15.6980
 11    6       10.6503
 12    6        0.0000
 13    6        3.1250
 14    6        3.0199
 15    6        9.8731
 16    6       13.6941
 17    6       21.0380
 18    6       24.9262
 19    6       32.4207
 20    6       37.5576
 21    6       45.9600
 22    6       53.2810
 10    7       38.8000
 11    7       24.3035
 12    7       17.3381
 13    7        5.3455
 14    7        2.8634
 15    7        0.1014
 16    7        5.6837
 17    7        7.8714
 18    7       13.1145
 19    7       15.8620
 20    7       21.7651
 21    7       25.2510
 22    7       32.0380
 23    7       38.3960
 24    7       47.5430
 12    8       32.0480
 13    8       23.1124
 14    8        8.0070
 15    8        2.8550
 16    8       -4.7370
 17    8       -0.8088
 18    8       -0.7810
 19    8        3.3349
 20    8        3.7975
 21    8        8.0629
 22    8        9.2840
 23    8       14.6120
 24    8       19.0700
 26    8       35.7130
 27    8       44.9540
 28    8       53.8500
 15    9       16.7750
 16    9       10.6803
 17    9        1.9517
 18    9        0.8730
 19    9       -1.4870
 20    9       -0.0170
 21    9       -0.0476
 22    9        2.7930
 23    9        3.3290
 24    9        7.5590
 25    9       11.2720
 26    9       18.2710
 27    9       24.9260
 28    9       33.2260
 29    9       40.2960
 30    9       48.9030
 31    9       56.2890
 16   10       23.9965
 17   10       16.4609
 18   10        5.3172
 19   10        1.7514
 20   10       -7.0419
 21   10       -5.7318
 22   10       -8.0240
 23   10       -5.1540
 24   10       -5.9510
 25   10       -2.1080
 26   10        0.4290
 27   10        7.0690
 28   10       11.2440
 29   10       18.0570
 30   10       23.1020
 31   10       30.8420
 32   10       37.2780
 33   10       45.9970
 34   10       53.1210
 18   11       24.1900
 19   11       12.9268
 20   11        6.8477
 21   11       -2.1840
 22   11       -5.1820
 23   11       -9.5299
 24   11       -8.4180
 25   11       -9.3570
 26   11       -6.8623
 27   11       -5.5170
 28   11       -0.9890
 29   11        2.6650
 30   11        8.3610
 31   11       12.6540
 32   11       19.0640
 33   11       24.8890
 34   11       32.7610
 35   11       39.5820
 36   11       47.9530
 37   11       55.2750
 20   12       17.5703
 21   12       10.9105
 22   12       -0.3960
 23   12       -5.4730
 24   12      -13.9330
 25   12      -13.1920
 26   12      -16.2146
 27   12      -14.5860
 28   12      -15.0180
 29   12      -10.6190
 30   12       -8.9100
 31   12       -3.2170
 32   12       -0.9548
 33   12        4.8940
 34   12        8.8080
 35   12       16.1520
 36   12       21.4240
 37   12       29.2490
 38   12       34.9960
 39   12       43.5680
 40   12       50.2350
 21   13       26.1190
 22   13       18.1830
 23   13        6.7690
 24   13       -0.0560
 25   13       -8.9160
 26   13      -12.2103
 27   13      -17.1960
 28   13      -16.8504
 29   13      -18.2150
 30   13      -15.8720
 31   13      -14.9536
 32   13      -11.0610
 33   13       -8.5290
 34   13       -2.9325
 35   13       -0.1302
 36   13        5.7820
 37   13        9.9463
 38   13       16.0500
 39   13       21.3960
 40   13       29.2950
 41   13       35.7040
 42   13       43.6780
 22   14       32.1640
 23   14       23.7720
 24   14       10.7540
 25   14        3.8240
 26   14       -7.1446
 27   14      -12.3840
 28   14      -21.4928
 29   14      -21.8950
 30   14      -24.4320
 31   14      -22.9490
 32   14      -24.0800
 33   14      -20.4920
 34   14      -19.9568
 35   14      -14.3603
 36   14      -12.4820
 37   14       -6.5800
 38   14       -4.0670
 39   14        1.9280
 40   14        5.4670
 41   14       13.5626
 42   14       18.4340
 43   14       26.6970
 44   14       32.8440
 25   15       18.8720
 26   15       10.9730
 27   15       -0.7170
 28   15       -7.1588
 29   15      -16.9520
 30   15      -20.2006
 31   15      -24.4400
 32   15      -24.3052
 33   15      -26.3370
 34   15      -24.5570
 35   15      -24.8577
 36   15      -20.2510
 37   15      -18.9941
 38   15      -14.7570
 39   15      -12.8730
 40   15       -8.1068
 41   15       -5.2760
 42   15        0.9389
 43   15        5.7650
 44   15       12.1000
 45   15       17.9030
 46   15       25.5040
 26   16       25.9700
 27   16       17.5430
 28   16        4.0730
 29   16       -3.1596
 30   16      -14.0625
 31   16      -19.0440
 32   16      -26.0150
 33   16      -26.5860
 34   16      -29.9310
 35   16      -28.8464
 36   16      -30.6640
 37   16      -26.8964
 38   16      -26.8610
 39   16      -23.1620
 40   16      -22.8666
 41   16      -19.0191
 42   16      -17.6775
 43   16      -11.9652
 44   16       -9.1160
 45   16       -3.2520
 46   16        0.6990
 48   16       13.1990
 49   16       22.0010
 29   17       13.1430
 30   17        4.4430
 31   17       -7.0672
 32   17      -13.3298
 33   17      -21.0034
 34   17      -24.4390
 35   17      -29.0135
 36   17      -29.5219
 37   17      -31.7615
 38   17      -29.7980
 39   17      -29.8000
 40   17      -27.5578
 41   17      -27.3070
 42   17      -24.9130
 43   17      -24.1680
 44   17      -20.2310
 45   17      -18.3620
 46   17      -14.7083
 47   17      -10.5170
 48   17       -4.7040
 49   17        0.2980
 50   17        7.3030
 51   17       13.4970
 30   18       20.0830
 31   18       11.2930
 32   18       -2.2000
 33   18       -9.3840
 34   18      -18.3772
 35   18      -23.0474
 36   18      -30.2310
 37   18      -30.9477
 38   18      -34.7140
 39   18      -33.2420
 40   18      -35.0399
 41   18      -33.0675
 42   18      -34.4227
 43   18      -32.0098
 44   18      -32.6731
 45   18      -29.7700
 46   18      -29.7201
 47   18      -25.9070
 48   18      -23.7160
 49   18      -18.1460
 50   18      -14.5030
 51   18       -7.7970
 52   18       -2.9990
 53   18        4.6020
 33   19        6.7630
 34   19       -1.4810
 35   19      -11.1680
 36   19      -17.4262
 37   19      -24.8002
 38   19      -28.8000
 39   19      -33.8070
 40   19      -33.5352
 41   19      -35.5590
 42   19      -35.0216
 43   19      -36.5932
 44   19      -35.8096
 45   19      -36.6080
 46   19      -35.4183
 47   19      -35.6960
 48   19      -32.1239
 49   19      -30.3190
 50   19      -25.3521
 51   19      -22.0020
 52   19      -16.1990
 53   19      -11.9980
 54   19       -5.4030
 55   19       -0.2700
 34   20       13.1530
 35   20        4.6020
 36   20       -6.4390
 37   20      -13.1618
 38   20      -22.0590
 39   20      -27.2740
 40   20      -34.8463
 41   20      -35.1378
 42   20      -38.5471
 43   20      -38.4080
 44   20      -41.4680
 45   20      -40.8110
 46   20      -43.1351
 47   20      -42.3400
 48   20      -44.2140
 49   20      -41.2890
 50   20      -39.5708
 51   20      -35.8633
 52   20      -32.5090
 53   20      -27.8980
 54   20      -23.8930
 55   20      -18.1180
 56   20      -13.4410
 57   20       -7.1200
 38   21       -4.9370
 39   21      -14.1680
 40   21      -20.5232
 41   21      -28.6424
 42   21      -32.1210
 43   21      -36.1879
 44   21      -37.8160
 45   21      -41.0670
 46   21      -41.7571
 47   21      -44.3320
 48   21      -44.4961
 49   21      -46.5520
 50   21      -44.5369
 51   21      -43.2182
 52   21      -40.3560
 53   21      -37.6230
 54   21      -34.2188
 55   21      -29.5800
 57   21      -20.6880
 58   21      -15.1740
 59   21      -10.0420
 60   21       -3.9960
 38   22        9.1010
 39   22        1.5000
 40   22       -8.8500
 41   22      -15.7000
 42   22      -25.1216
 43   22      -29.3211
 44   22      -37.5480
 45   22      -39.0050
 46   22      -44.1230
 47   22      -44.9320
 48   22      -48.4877
 49   22      -48.5580
 50   22      -51.4267
 51   22      -49.7278
 52   22      -49.4640
 53   22      -46.8280
 54   22      -45.5944
 55   22      -41.6700
 56   22      -38.9368
 57   22      -33.5439
 58   22      -30.7670
 59   22      -25.2160
 60   22      -21.6480
 61   22      -15.6490
 62   22      -11.6530
 63   22       -5.1980
 42   23       -8.1690
 43   23      -18.0240
 44   23      -24.1164
 45   23      -31.8790
 46   23      -37.0730
 47   23      -42.0020
 48   23      -44.4750
 49   23      -47.9560
 50   23      -49.2216
 51   23      -52.2010
 52   23      -51.4410
 53   23      -51.8480
 54   23      -49.8910
 55   23      -49.1510
 56   23      -46.0801
 57   23      -44.1887
 58   23      -40.2080
 59   23      -37.0666
 60   23      -32.5773
 61   23      -29.3610
 62   23      -24.4240
 63   23      -20.9120
 64   23      -15.3980
 65   23      -11.2520
 42   24        5.9900
 43   24       -2.1330
 44   24      -13.4610
 45   24      -18.9650
 46   24      -29.4730
 47   24      -34.5580
 48   24      -42.8192
 49   24      -45.3300
 50   24      -50.2595
 51   24      -51.4488
 52   24      -55.4160
 53   24      -55.2840
 54   24      -56.9325
 55   24      -55.1070
 56   24      -55.2812
 57   24      -52.5241
 58   24      -51.8340
 59   24      -47.8915
 60   24      -46.5039
 61   24      -42.1800
 62   24      -40.4140
 63   24      -35.5270
 64   24      -33.1520
 65   24      -27.7960
 66   24      -24.7960
 67   24      -19.0490
 44   25        6.3990
 45   25       -5.1140
 46   25      -12.3700
 47   25      -22.2630
 48   25      -29.3234
 49   25      -37.6150
 50   25      -42.6268
 51   25      -48.2413
 52   25      -50.7050
 53   25      -54.6870
 54   25      -55.5554
 55   25      -57.7100
 56   25      -56.9097
 57   25      -57.4868
 58   25      -55.9060
 59   25      -55.4796
 60   25      -53.1778
 61   25      -51.5550
 62   25      -48.0380
 63   25      -46.3510
 64   25      -42.6160
 65   25      -40.6727
 66   25      -36.2540
 67   25      -33.4030
 69   25      -25.2990
 45   26       13.5790
 46   26        0.7550
 47   26       -6.6230
 48   26      -18.1600
 49   26      -24.5820
 50   26      -34.4755
 51   26      -40.2223
 52   26      -48.3310
 53   26      -50.9450
 54   26      -56.2520
 55   26      -57.4790
 56   26      -60.6054
 57   26      -60.1801
 58   26      -62.1530
 59   26      -60.6631
 60   26      -61.4118
 61   26      -58.9214
 62   26      -58.9000
 63   26      -55.5450
 64   26      -54.7700
 65   26      -50.8779
 66   26      -49.5730
 67   26      -45.6920
 68   26      -43.1282
 69   26      -38.3960
 70   26      -35.9000
 71   26      -31.0000
 72   26      -28.2990
 50   27      -17.1950
 51   27      -27.2740
 52   27      -33.9160
 53   27      -42.6440
 54   27      -48.0090
 55   27      -54.0270
 56   27      -56.0394
 57   27      -59.3442
 58   27      -59.8450
 59   27      -62.2284
 60   27      -61.6490
 61   27      -62.8984
 62   27      -61.4310
 63   27      -61.8400
 64   27      -59.7920
 65   27      -59.1699
 66   27      -56.1110
 67   27      -55.0610
 68   27      -51.3504
 69   27      -50.0026
 70   27      -45.6432
 71   27      -43.8734
 72   27      -39.3000
 73   27      -37.0360
 74   27      -32.2480
 75   27      -29.5000
 48   28       18.3970
 49   28        8.9980
 50   28       -3.7910
 51   28      -11.4390
 52   28      -22.6540
 53   28      -29.3700
 54   28      -39.2108
 55   28      -45.3350
 56   28      -53.9030
 57   28      -56.0820
 58   28      -60.2270
 59   28      -61.1556
 60   28      -64.4720
 61   28      -64.2209
 62   28      -66.7460
 63   28      -65.5120
 64   28      -67.0990
 65   28      -65.1261
 66   28      -66.0060
 67   28      -63.7420
 68   28      -63.4630
 69   28      -59.9786
 70   28      -59.1499
 71   28      -55.2038
 72   28      -53.9400
 73   28      -49.8630
 74   28      -48.3720
 75   28      -43.9010
 76   28      -41.6100
 77   28      -36.7470
 78   28      -34.2980
 52   29       -2.6270
 53   29      -13.4600
 54   29      -21.6940
 55   29      -31.6240
 56   29      -38.6010
 57   29      -47.3096
 58   29      -51.6620
 59   29      -56.3570
 60   29      -58.3440
 61   29      -61.9836
 62   29      -62.7970
 63   29      -65.5790
 64   29      -65.4240
 65   29      -67.2637
 66   29      -66.2580
 67   29      -67.3180
 68   29      -65.5670
 69   29      -65.7362
 70   29      -62.9760
 71   29      -62.7111
 72   29      -59.7820
 73   29      -58.9866
 74   29      -56.0062
 75   29      -54.1198
 77   29      -48.5770
 78   29      -44.7490
 79   29      -42.3270
 80   29      -36.4490
 55   30      -14.9230
 56   30      -25.7280
 57   30      -32.8000
 58   30      -42.2970
 59   30      -47.2605
 60   30      -54.1878
 61   30      -56.3455
 62   30      -61.1710
 63   30      -62.2130
 64   30      -66.0030
 65   30      -65.9116
 66   30      -68.8990
 67   30      -67.8800
 68   30      -70.0072
 69   30      -68.4180
 70   30      -69.5647
 71   30      -67.3269
 72   30      -68.1310
 73   30      -65.4103
 74   30      -65.7089
 75   30      -62.4690
 76   30      -62.1366
 77   30      -58.7223
 78   30      -57.3420
 79   30      -53.4200
 80   30      -51.8448
 81   30      -46.1280
 82   30      -42.4570
 83   30      -36.3000
 60   31      -39.9980
 61   31      -47.0900
 62   31      -52.0000
 63   31      -56.5470
 64   31      -58.8340
 65   31      -62.6572
 66   31      -63.7240
 67   31      -66.8790
 68   31      -67.0861
 69   31      -69.3270
 70   31      -68.9101
 71   31      -70.1402
 72   31      -68.5890
 73   31      -69.6993
 74   31      -68.0496
 75   31      -68.4646
 76   31      -66.2966
 77   31      -65.9923
 78   31      -63.7060
 79   31      -62.5095
 80   31      -59.1352
 81   31      -57.9830
 82   31      -53.1040
 83   31      -49.3880
 84   31      -44.1060
 85   31      -40.0540
 86   31      -34.3530
 60   32      -27.7680
 61   32      -33.7290
 62   32      -42.2430
 63   32      -46.9100
 64   32      -54.3490
 65   32      -56.4146
 66   32      -61.6240
 67   32      -62.6570
 68   32      -66.9798
 69   32      -67.1006
 70   32      -70.5631
 71   32      -69.9077
 72   32      -72.5850
 73   32      -71.2975
 74   32      -73.4224
 75   32      -71.8564
 76   32      -73.2130
 77   32      -71.2140
 78   32      -71.8620
 79   32      -69.4885
 80   32      -69.5152
 81   32      -66.3030
 82   32      -65.6240
 83   32      -60.9010
 84   32      -58.2460
 85   32      -53.0670
 86   32      -49.8440
 87   32      -44.2370
 88   32      -40.1380
 89   32      -33.6920
 62   33      -24.9640
 63   33      -33.8230
 64   33      -39.5210
 65   33      -46.9810
 66   33      -51.5020
 67   33      -56.6470
 68   33      -58.8990
 69   33      -63.0867
 70   33      -64.3431
 71   33      -67.8943
 72   33      -68.2290
 73   33      -70.9567
 74   33      -70.8590
 75   33      -73.0320
 76   33      -72.2895
 77   33      -73.9166
 78   33      -72.8170
 79   33      -73.6365
 80   33      -72.1593
 81   33      -72.5330
 82   33      -70.3240
 83   33      -69.8807
 84   33      -66.0820
 85   33      -63.3230
 86   33      -59.1500
 87   33      -55.9830
 88   33      -51.2880
 89   33      -47.1430
 90   33      -41.4510
 91   33      -36.8590
 92   33      -30.9260
 65   34      -32.9190
 67   34      -46.4910
 68   34      -54.2140
 69   34      -56.3015
 70   34      -62.0462
 71   34      -63.1163
 72   34      -67.8940
 73   34      -68.2170
 74   34      -72.2120
 75   34      -72.1690
 76   34      -75.2520
 77   34      -74.5990
 78   34      -77.0260
 79   34      -75.9170
 80   34      -77.7599
 81   34      -76.3890
 82   34      -77.5940
 83   34      -75.3407
 84   34      -75.9510
 85   34      -72.4283
 86   34      -70.5406
 87   34      -66.5819
 88   34      -63.8780
 89   34      -59.1960
 90   34      -55.9270
 91   34      -50.3380
 92   34      -46.6490
 93   34      -40.7160
 94   34      -36.8030
 68   35      -38.6420
 69   35      -46.4760
 70   35      -51.4260
 71   35      -57.0633
 72   35      -59.0150
 73   35      -63.6289
 74   35      -65.3061
 75   35      -69.1390
 76   35      -70.2890
 77   35      -73.2340
 78   35      -73.4520
 79   35      -76.0685
 80   35      -75.8895
 81   35      -77.9740
 82   35      -77.4965
 83   35      -79.0089
 84   35      -77.7990
 85   35      -78.6103
 86   35      -75.6396
 87   35      -73.8569
 88   35      -70.7320
 89   35      -68.5716
 90   35      -64.6199
 91   35      -61.5083
 92   35      -56.5801
 93   35      -53.0490
 94   35      -47.8040
 95   35      -43.9010
 96   35      -38.6290
 97   35      -34.6520
 69   36      -32.4350
 70   36      -41.6760
 71   36      -46.9233
 72   36      -53.9400
 73   36      -56.5510
 74   36      -62.3315
 75   36      -64.3236
 76   36      -69.0143
 77   36      -70.1690
 78   36      -74.1790
 79   36      -74.4427
 80   36      -77.8920
 81   36      -77.6940
 82   36      -80.5890
 83   36      -79.9817
 84   36      -82.4300
 85   36      -81.4803
 86   36      -83.2656
 87   36      -80.7090
 88   36      -79.6921
 89   36      -76.7266
 90   36      -74.9698
 91   36      -71.3103
 92   36      -68.7850
 93   36      -64.0175
 94   36      -61.1430
 95   36      -56.0390
 96   36      -53.0300
 97   36      -47.9160
 98   36      -44.7960
 99   36      -39.4950
100   36      -36.1980
 72   37      -38.1170
 73   37      -46.0520
 74   37      -51.9170
 75   37      -57.2217
 76   37      -60.4798
 77   37      -64.8245
 78   37      -66.9360
 79   37      -70.8034
 80   37      -72.1729
 81   37      -75.4540
 82   37      -76.1880
 83   37      -79.0740
 84   37      -79.7500
 85   37      -82.1670
 86   37      -82.7470
 87   37      -84.5970
 88   37      -82.6090
 89   37      -81.7120
 90   37      -79.3617
 91   37      -77.7453
 92   37      -74.7720
 93   37      -72.6175
 94   37      -68.5530
 95   37      -65.8539
 96   37      -61.2240
 97   37      -58.3560
 98   37      -54.2210
 99   37      -50.8789
100   37      -46.6960
101   37      -43.5970
102   37      -38.3120
 73   38      -31.6990
 74   38      -40.6970
 75   38      -46.6217
 76   38      -54.2439
 77   38      -57.8040
 78   38      -63.1730
 79   38      -65.4766
 80   38      -70.3080
 81   38      -71.5270
 82   38      -76.0080
 83   38      -76.7950
 84   38      -80.6430
 85   38      -81.1020
 86   38      -84.5236
 87   38      -84.8804
 88   38      -87.9217
 89   38      -86.2090
 90   38      -85.9416
 91   38      -83.6453
 92   38      -82.8677
 93   38      -80.0846
 94   38      -78.8400
 95   38      -75.1160
 96   38      -72.9380
 97   38      -68.7880
 98   38      -66.6450
 99   38      -62.1857
100   38      -60.2190
101   38      -55.4070
102   38      -53.0770
103   38      -47.5530
104   38      -44.4040
105   38      -38.5820
 76   39      -38.7040
 77   39      -46.9050
 78   39      -52.5270
 79   39      -58.3566
 80   39      -61.2170
 81   39      -66.0170
 82   39      -68.1924
 83   39      -72.3266
 84   39      -74.1570
 85   39      -77.8420
 86   39      -79.2836
 87   39      -83.0180
 88   39      -84.2991
 89   39      -87.7010
 90   39      -86.4875
 91   39      -86.3450
 92   39      -84.8133
 93   39      -84.2232
 94   39      -82.3480
 95   39      -81.2071
 96   39      -78.3460
 97   39      -76.2570
 98   39      -72.4670
 99   39      -70.2000
100   39      -67.2940
101   39      -64.9120
103   39      -58.9360
104   39      -54.9120
105   39      -51.3530
106   39      -46.7700
107   39      -42.7180
108   39      -37.7440
 78   40      -41.7030
 79   40      -47.3570
 80   40      -55.5170
 81   40      -58.4880
 82   40      -64.1920
 83   40      -66.4586
 84   40      -71.4920
 85   40      -73.1491
 86   40      -77.8044
 87   40      -79.3482
 88   40      -83.6231
 89   40      -84.8680
 90   40      -88.7673
 91   40      -87.8900
 92   40      -88.4539
 93   40      -87.1170
 94   40      -87.2660
 95   40      -85.6570
 96   40      -85.4420
 97   40      -82.9460
 98   40      -81.2860
 99   40      -77.7685
100   40      -76.6040
101   40      -73.4570
102   40      -71.7420
103   40      -68.3720
104   40      -66.3410
105   40      -62.3640
106   40      -59.6990
107   40      -55.1910
108   40      -52.2010
109   40      -47.2830
110   40      -43.9010
 81   41      -47.4780
 82   41      -52.9740
 83   41      -58.9586
 84   41      -61.8790
 85   41      -67.1491
 87   41      -74.1832
 88   41      -76.0731
 89   41      -80.6504
 90   41      -82.6560
 91   41      -86.6324
 92   41      -86.4483
 93   41      -87.2080
 94   41      -86.3640
 95   41      -86.7819
 96   41      -85.6030
 97   41      -85.6050
 98   41      -83.5285
 99   41      -82.3260
100   41      -79.9390
101   41      -78.9420
102   41      -76.3470
103   41      -75.3170
104   41      -72.2230
105   41      -70.8520
106   41      -67.0960
107   41      -64.9160
108   41      -60.6960
109   41      -58.0970
110   41      -53.6170
111   41      -50.6270
112   41      -45.8020
113   41      -42.1970
 83   42      -47.7480
 84   42      -55.8060
 85   42      -59.1030
 86   42      -64.5564
 87   42      -67.6949
 88   42      -72.7000
 89   42      -75.0039
 90   42      -80.1673
 91   42      -82.2042
 92   42      -86.8050
 93   42      -86.8035
 94   42      -88.4090
 95   42      -87.7070
 96   42      -88.7900
 97   42      -87.5400
 98   42      -88.1110
 99   42      -85.9650
100   42      -86.1840
101   42      -83.5110
102   42      -83.5570
103   42      -80.8470
104   42      -80.3280
105   42      -77.3370
106   42      -76.2550
107   42      -72.9420
108   42      -71.3030
109   42      -67.2450
110   42      -65.4560
111   42      -61.0970
112   42      -58.8330
113   42      -54.1380
114   42      -51.3070
115   42      -46.3050
 85   43      -47.6650
 86   43      -53.2070
 87   43      -59.1220
 89   43      -67.8440
 91   43      -75.9842
 92   43      -78.9346
 93   43      -83.6025
 94   43      -84.1530
 95   43      -86.0169
 96   43      -85.8170
 97   43      -87.2200
 98   43      -86.4278
 99   43      -87.3231
100   43      -86.0160
101   43      -86.3350
102   43      -84.5650
103   43      -84.5970
104   43      -82.4860
105   43      -82.2870
106   43      -79.7750
107   43      -79.1020
108   43      -75.9520
109   43      -74.5350
110   43      -70.9608
111   43      -69.2160
112   43      -65.9996
113   43      -63.7240
114   43      -59.7270
115   43      -57.1100
116   43      -52.7510
117   43      -49.8540
118   43      -45.1960
 87   44      -47.3390
 88   44      -55.6470
 89   44      -59.5130
 90   44      -65.3070
 91   44      -68.6580
 92   44      -74.4080
 93   44      -77.2655
 94   44      -82.5670
 95   44      -83.4498
 96   44      -86.0720
 97   44      -86.1120
 98   44      -88.2240
 99   44      -87.6160
100   44      -89.2180
101   44      -87.9490
102   44      -89.0980
103   44      -87.2580
104   44      -88.0880
105   44      -85.9270
106   44      -86.3220
107   44      -83.9220
108   44      -83.6720
109   44      -80.8500
110   44      -79.9818
111   44      -76.6650
112   44      -75.4836
113   44      -72.2027
114   44      -70.5320
115   44      -66.4284
116   44      -64.4500
117   44      -60.0070
118   44      -57.9200
119   44      -53.2440
120   44      -50.9430
 89   45      -47.6580
 90   45      -53.2160
 91   45      -59.1030
 92   45      -63.3600
 93   45      -69.1730
 94   45      -72.9380
 95   45      -78.3398
 96   45      -79.6790
 97   45      -82.5890
 98   45      -83.1748
 99   45      -85.5744
100   45      -85.5840
101   45      -87.4080
102   45      -86.7750
103   45      -88.0220
104   45      -86.9490
105   45      -87.8450
106   45      -86.3610
107   45      -86.8630
108   45      -85.0190
109   45      -85.0100
111   45      -82.3570
113   45      -78.6827
114   45      -75.6310
115   45      -74.2080
116   45      -70.7350
117   45      -68.9490
118   45      -65.1390
119   45      -63.2390
120   45      -59.2340
121   45      -57.0820
122   45      -52.9000
 91   46      -47.4030
 92   46      -55.4980
 93   46      -59.6990
 94   46      -66.3500
 95   46      -70.1510
 96   46      -76.2290
 97   46      -77.7990
 98   46      -81.2999
 99   46      -82.1870
100   46      -85.2260
101   46      -85.4280
102   46      -87.9250
103   46      -87.4790
104   46      -89.3900
105   46      -88.4120
106   46      -89.9020
107   46      -88.3670
108   46      -89.5240
109   46      -87.6060
110   46      -88.3490
111   46      -86.0040
112   46      -86.3364
113   46      -83.6920
114   46      -83.4967
115   46      -80.4030
116   46      -79.9600
117   46      -76.5300
118   46      -75.4650
119   46      -71.6230
120   46      -70.1491
121   46      -66.2570
122   46      -64.6920
123   46      -60.6120
124   46      -58.7960
 93   47      -46.7800
 94   47      -53.3000
 95   47      -60.1000
 97   47      -70.8190
 98   47      -73.0606
 99   47      -76.7577
100   47      -78.1480
101   47      -81.2240
102   47      -82.2640
103   47      -84.7910
104   47      -85.1110
105   47      -87.0670
106   47      -86.9370
107   47      -88.4010
108   47      -87.6010
109   47      -88.7220
110   47      -87.4600
111   47      -88.2200
112   47      -86.6245
113   47      -87.0320
114   47      -84.9488
115   47      -84.9870
116   47      -82.5670
117   47      -82.2650
118   47      -79.5656
120   47      -75.6491
121   47      -74.6611
122   47      -71.2310
123   47      -69.9550
124   47      -66.4710
125   47      -64.8040
126   47      -61.0130
127   47      -58.8980
128   47      -54.8000
129   47      -52.4520
130   47      -46.1570
 95   48      -46.6960
 96   48      -56.1040
 97   48      -60.6030
 98   48      -67.6306
 99   48      -69.8530
100   48      -74.2490
101   48      -75.7470
102   48      -79.6770
103   48      -80.6490
104   48      -83.9740
105   48      -84.3300
106   48      -87.1320
107   48      -86.9840
108   48      -89.2520
109   48      -88.5080
110   48      -90.3520
111   48      -89.2570
112   48      -90.5800
113   48      -89.0493
114   48      -90.0200
115   48      -88.0905
116   48      -88.7190
117   48      -86.4250
118   48      -86.7080
119   48      -83.9070
120   48      -83.9741
121   48      -81.0611
122   48      -80.7300
123   48      -77.3112
124   48      -76.7100
125   48      -73.3585
126   48      -72.3274
127   48      -68.5171
128   48      -67.2890
129   48      -63.2020
130   48      -61.5690
131   48      -55.2660
132   48      -50.7200
 97   49      -47.0030
 98   49      -53.8960
 99   49      -61.2740
100   49      -64.1690
101   49      -68.6140
102   49      -70.7090
103   49      -74.5990
104   49      -76.1060
105   49      -79.4810
106   49      -80.6060
107   49      -83.5590
108   49      -84.1150
109   49      -86.4880
110   49      -86.4740
111   49      -88.3950
112   49      -87.9960
113   49      -89.3696
114   49      -88.5720
115   49      -89.5366
116   49      -88.2500
117   49      -88.9450
118   49      -87.2303
119   49      -87.7040
120   49      -85.7351
121   49      -85.8411
122   49      -83.5770
123   49      -83.4262
124   49      -80.8760
125   49      -80.4805
126   49      -77.8134
127   49      -76.9851
128   49      -74.3590
129   49      -72.9388
130   49      -69.8890
131   49      -68.1370
132   49      -62.4192
133   49      -57.9300
134   49      -52.0240
135   49      -47.1990
 99   50      -47.1990
100   50      -56.7790
101   50      -59.5600
102   50      -64.9290
103   50      -66.9740
104   50      -71.5910
105   50      -73.2620
106   50      -77.4250
107   50      -78.5760
108   50      -82.0400
109   50      -82.6390
110   50      -85.8430
111   50      -85.9440
112   50      -88.6613
113   50      -88.3330
114   50      -90.5600
115   50      -90.0350
116   50      -91.5280
117   50      -90.3990
118   50      -91.6561
119   50      -90.0680
120   50      -91.1051
121   50      -89.2041
122   50      -89.9450
123   50      -87.8205
124   50      -88.2360
125   50      -85.8985
126   50      -86.0204
127   50      -83.4991
128   50      -83.3346
129   50      -80.5938
130   50      -80.1389
131   50      -77.3140
132   50      -76.5542
133   50      -70.9526
134   50      -66.7958
135   50      -60.7990
136   50      -56.5040
137   50      -50.3100
103   51      -56.1780
104   51      -59.1760
105   51      -63.8200
106   51      -66.3300
107   51      -70.6540
108   51      -72.5070
109   51      -76.2590
110   51      -77.5440
111   51      -80.8880
112   51      -81.6007
113   51      -84.4197
114   51      -84.5150
115   51      -87.0030
116   51      -86.8210
117   51      -88.6440
118   51      -87.9994
119   51      -89.4770
120   51      -88.4245
121   51      -89.5951
122   51      -88.3300
123   51      -89.2241
124   51      -87.6200
125   51      -88.2555
126   51      -86.3984
127   51      -86.7001
128   51      -84.6085
129   51      -84.6277
130   51      -82.2916
131   51      -81.9870
132   51      -79.6736
133   51      -78.9426
134   51      -74.1658
135   51      -69.7070
136   51      -64.8790
137   51      -60.2580
138   51      -55.1540
139   51      -50.3190
105   52      -52.4990
106   52      -58.2140
107   52      -60.5410
108   52      -65.7210
109   52      -67.6120
110   52      -72.2770
111   52      -73.4840
112   52      -77.3013
113   52      -78.3470
114   52      -81.8886
115   52      -82.0620
116   52      -85.2680
117   52      -85.0960
118   52      -87.7210
119   52      -87.1840
120   52      -89.4040
121   52      -88.5510
122   52      -90.3140
123   52      -89.1719
124   52      -90.5240
125   52      -89.0222
126   52      -90.0640
127   52      -88.2811
128   52      -88.9921
129   52      -87.0032
130   52      -87.3514
131   52      -85.2090
132   52      -85.1822
133   52      -82.9446
134   52      -82.5595
135   52      -77.8270
136   52      -74.4252
137   52      -69.5610
138   52      -65.9310
139   52      -60.7990
140   52      -56.9610
141   52      -51.5580
142   52      -47.4320
108   53      -52.6520
109   53      -57.6130
110   53      -60.3210
111   53      -64.9470
112   53      -67.0960
113   53      -71.1283
114   53      -72.7960
115   53      -76.3370
116   53      -77.4920
117   53      -80.4340
118   53      -80.9710
119   53      -83.7650
120   53      -83.7896
121   53      -86.2870
122   53      -86.0800
123   53      -87.9433
124   53      -87.3640
125   53      -88.8364
126   53      -87.9105
127   53      -88.9831
128   53      -87.7379
129   53      -88.5034
130   53      -86.9324
131   53      -87.4440
132   53      -85.6999
133   53      -85.8866
134   53      -84.0720
135   53      -83.7890
136   53      -79.4993
137   53      -76.5020
138   53      -72.3309
139   53      -68.8370
140   53      -64.2730
141   53      -60.5190
142   53      -55.7220
143   53      -51.6420
144   53      -46.5840
110   54      -51.9040
111   54      -54.3970
112   54      -59.9667
113   54      -62.0923
114   54      -67.0859
115   54      -68.6560
116   54      -73.0460
117   54      -74.1850
118   54      -78.0791
119   54      -78.7940
120   54      -82.1724
121   54      -82.4720
122   54      -85.3550
123   54      -85.2486
124   54      -87.6600
125   54      -87.1921
126   54      -89.1685
127   54      -88.3200
128   54      -89.8600
129   54      -88.6974
130   54      -89.8817
131   54      -88.4150
132   54      -89.2805
133   54      -87.6436
134   54      -88.1245
135   54      -86.4170
136   54      -86.4251
137   54      -82.3790
138   54      -80.1509
139   54      -75.6430
140   54      -72.9900
141   54      -68.3269
142   54      -65.4751
143   54      -60.4450
144   54      -57.2780
145   54      -52.0980
146   54      -48.6710
147   54      -43.2590
112   55      -46.2940
113   55      -51.7042
114   55      -54.5390
115   55      -59.6990
116   55      -62.0680
117   55      -66.4420
118   55      -68.4094
119   55      -72.3050
120   55      -73.8887
121   55      -77.1005
122   55      -78.1390
123   55      -81.0430
124   55      -81.7310
125   55      -84.0870
126   55      -84.3449
127   55      -86.2400
128   55      -85.9314
129   55      -87.5004
130   55      -86.9004
131   55      -88.0590
132   55      -87.1559
133   55      -88.0710
134   55      -86.8912
135   55      -87.5810
136   55      -86.3387
137   55      -86.5450
138   55      -82.8874
139   55      -80.7009
140   55      -77.0500
141   55      -74.4760
142   55      -70.5150
143   55      -67.6714
144   55      -63.2699
145   55      -60.0560
146   55      -55.6200
147   55      -52.0190
148   55      -47.3030
149   55      -43.8450
150   55      -38.9640
151   55      -35.2200
114   56      -45.9450
115   56      -49.0250
116   56      -54.6040
117   56      -57.2880
118   56      -62.3730
119   56      -64.5900
120   56      -68.8887
121   56      -70.7428
122   56      -74.6080
123   56      -75.6550
124   56      -79.0890
125   56      -79.6680
126   56      -82.6699
127   56      -82.8150
128   56      -85.4015
129   56      -85.0646
130   56      -87.2610
131   56      -86.6830
132   56      -88.4348
133   56      -87.5535
134   56      -88.9499
135   56      -87.8500
136   56      -88.8869
137   56      -87.7210
138   56      -88.2616
139   56      -84.9137
140   56      -83.2710
141   56      -79.7256
142   56      -77.8230
143   56      -73.9357
144   56      -71.7690
145   56      -67.4140
146   56      -65.0001
147   56      -60.5980
148   56      -58.0134
149   56      -53.4860
150   56      -50.5990
151   56      -45.8200
152   56      -42.5970
153   56      -37.6230
117   57      -46.5120
118   57      -49.6210
119   57      -54.9670
121   57      -62.4010
122   57      -64.5430
123   57      -68.7070
125   57      -73.7594
127   57      -77.8958
128   57      -78.6319
129   57      -81.3260
130   57      -81.6280
131   57      -83.7690
132   57      -83.7402
133   57      -85.4940
134   57      -85.2187
135   57      -86.6500
136   57      -86.0369
137   57      -87.1000
138   57      -86.5247
139   57      -87.2314
140   57      -84.3210
141   57      -82.9380
142   57      -80.0348
143   57      -78.1871
144   57      -74.8924
145   57      -72.9860
146   57      -69.1229
147   57      -66.8480
148   57      -63.1284
149   57      -60.7950
150   57      -57.0350
151   57      -54.2870
152   57      -50.0680
153   57      -46.9290
154   57      -42.3830
155   57      -38.7970
119   58      -44.0040
120   58      -49.7050
121   58      -52.7040
122   58      -57.8360
123   58      -60.1750
124   58      -64.8230
125   58      -66.6580
126   58      -70.8206
127   58      -71.9756
128   58      -75.5330
129   58      -76.2875
130   58      -79.4229
131   58      -79.7150
132   58      -82.4740
133   58      -82.4230
134   58      -84.8360
135   58      -84.6240
136   58      -86.4680
137   58      -85.8780
138   58      -87.5685
139   58      -86.9520
140   58      -88.0830
141   58      -85.4401
142   58      -84.5380
143   58      -81.6120
144   58      -80.4370
145   58      -77.0960
146   58      -75.6755
147   58      -72.0280
148   58      -70.3908
149   58      -66.6951
150   58      -64.8237
151   58      -61.5000
152   58      -59.1130
153   58      -55.3490
154   58      -52.7040
155   58      -48.4000
156   58      -45.4010
157   58      -40.6690
121   59      -41.5790
122   59      -44.8890
123   59      -50.3380
124   59      -53.1320
125   59      -57.9110
126   59      -60.2580
127   59      -64.4310
128   59      -66.3308
129   59      -69.7736
130   59      -71.1755
131   59      -74.2780
132   59      -75.2135
133   59      -77.9376
135   59      -80.9350
136   59      -81.3272
137   59      -83.1770
138   59      -83.1315
139   59      -84.8233
140   59      -84.6950
141   59      -86.0209
142   59      -83.7920
143   59      -83.0730
144   59      -80.7556
145   59      -79.6310
146   59      -76.7138
147   59      -75.4540
148   59      -72.5308
149   59      -71.0565
150   59      -68.3037
151   59      -66.7700
152   59      -63.8081
153   59      -61.6280
154   59      -58.2010
155   59      -55.7780
156   59      -51.9120
157   59      -48.9690
158   59      -44.7300
159   59      -41.4510
124   60      -44.4970
125   60      -47.6180
126   60      -52.8900
127   60      -55.4240
128   60      -60.1840
129   60      -62.2350
130   60      -66.5962
131   60      -67.7680
132   60      -71.4258
133   60      -72.3320
134   60      -75.6465
135   60      -76.2130
136   60      -79.1993
137   60      -79.5800
138   60      -82.0181
139   60      -81.9917
140   60      -84.2510
141   60      -84.1970
142   60      -85.9550
143   60      -84.0074
144   60      -83.7532
145   60      -81.4370
146   60      -80.9310
147   60      -78.1510
148   60      -77.4134
149   60      -74.3809
150   60      -73.6897
151   60      -70.9520
152   60      -70.1581
153   60      -67.3480
154   60      -65.6910
155   60      -62.4730
156   60      -60.5302
157   60      -56.7930
158   60      -54.3990
159   60      -50.2170
160   60      -47.4220
161   60      -42.9610
126   61      -39.5700
127   61      -45.0560
128   61      -48.0460
129   61      -52.9460
130   61      -55.4700
131   61      -59.7370
132   61      -61.7110
133   61      -65.4076
134   61      -66.7387
137   61      -74.0720
138   61      -74.9403
139   61      -77.4965
140   61      -78.2060
141   61      -80.5229
142   61      -81.1560
143   61      -82.9657
144   61      -81.4211
145   61      -81.2730
146   61      -79.4599
147   61      -79.0470
148   61      -76.8719
149   61      -76.0710
150   61      -73.6033
151   61      -73.3950
152   61      -71.2623
153   61      -70.6840
154   61      -68.4980
155   61      -66.9732
157   61      -62.3734
158   61      -59.0920
159   61      -56.8490
160   61      -53.1040
161   61      -50.4310
162   61      -46.3050
163   61      -43.1470
128   62      -39.0480
129   62      -42.2530
130   62      -47.5810
131   62      -50.1980
132   62      -55.2470
133   62      -57.1290
134   62      -61.5070
135   62      -62.8570
136   62      -66.8109
137   62      -68.0250
138   62      -71.4978
139   62      -72.3802
140   62      -75.4550
141   62      -75.9387
142   62      -78.9929
143   62      -79.5230
144   62      -81.9720
145   62      -80.6570
146   62      -81.0019
147   62      -79.2720
148   62      -79.3422
149   62      -77.1419
150   62      -77.0573
151   62      -74.5820
152   62      -74.7680
153   62      -72.5650
154   62      -72.4610
155   62      -70.1972
156   62      -69.3703
157   62      -66.7334
158   62      -65.2127
159   62      -62.2133
160   62      -60.4170
161   62      -56.9790
162   62      -54.7530
163   62      -50.8970
164   62      -48.1770
165   62      -43.7990
130   63      -33.9360
131   63      -39.3530
132   63      -42.5040
133   63      -47.2830
134   63      -49.8260
135   63      -54.1940
137   63      -60.0160
138   63      -61.7497
139   63      -65.3981
140   63      -66.9850
141   63      -69.9266
142   63      -71.3190
143   63      -74.2424
144   63      -75.6216
145   63      -77.9980
146   63      -77.1223
147   63      -77.5500
148   63      -76.3025
149   63      -76.4460
150   63      -74.7970
151   63      -74.6590
152   63      -72.8940
153   63      -73.3730
154   63      -71.7440
155   63      -71.8245
156   63      -70.0928
157   63      -69.4674
158   63      -67.2117
159   63      -66.0533
160   63      -63.3690
161   63      -61.7770
162   63      -58.6470
163   63      -56.6260
164   63      -53.1040
165   63      -50.5610
166   63      -46.6030
167   63      -43.5850
134   64      -41.5730
135   64      -44.1810
136   64      -49.0520
137   64      -51.2140
138   64      -55.7780
139   64      -57.5290
140   64      -61.7820
141   64      -63.2242
142   64      -66.9595
143   64      -68.2320
144   64      -71.7595
145   64      -72.9270
146   64      -76.0930
147   64      -75.3630
148   64      -76.2758
149   64      -75.1330
150   64      -75.7688
151   64      -74.1940
152   64      -74.7142
153   64      -72.8890
154   64      -73.7130
155   64      -72.0771
156   64      -72.5420
157   64      -70.8307
158   64      -70.6960
159   64      -68.5685
160   64      -67.9486
161   64      -65.5127
162   64      -64.2870
163   64      -61.4880
164   64      -59.7460
165   64      -56.4670
166   64      -54.3990
167   64      -50.7010
168   64      -48.1020
169   64      -43.9010
136   65      -35.9740
137   65      -41.0040
138   65      -43.6310
139   65      -48.1680
140   65      -50.4820
141   65      -54.5408
142   65      -57.0600
143   65      -60.4340
144   65      -62.3680
146   65      -67.7694
147   65      -70.7520
148   65      -70.5405
149   65      -71.4950
150   65      -71.1105
151   65      -71.6290
152   65      -70.7242
153   65      -71.3200
154   65      -70.1610
155   65      -71.2544
156   65      -70.0975
157   65      -70.7706
158   65      -69.4770
159   65      -69.5390
160   65      -67.8429
161   65      -67.4680
162   65      -65.6810
163   65      -64.6014
164   65      -62.0833
165   65      -60.6590
166   65      -57.7600
167   65      -55.8430
168   65      -52.4990
169   65      -50.0960
170   65      -46.3420
171   65      -43.5010
138   66      -34.9400
139   66      -37.6880
140   66      -42.8390
141   66      -45.3170
142   66      -49.9600
143   66      -52.3220
144   66      -56.5845
145   66      -58.2880
146   66      -62.5541
147   66      -64.1870
148   66      -67.8595
149   66      -67.7150
150   66      -69.3170
151   66      -68.7580
152   66      -70.1245
153   66      -69.1490
154   66      -70.3980
155   66      -69.1599
156   66      -70.5298
157   66      -69.4279
158   66      -70.4120
159   66      -69.1735
160   66      -69.6780
161   66      -68.0611
162   66      -68.1860
163   66      -66.3860
164   66      -65.9733
165   66      -63.6179
166   66      -62.5900
167   66      -59.9366
168   66      -58.5642
169   66      -55.6030
170   66      -53.6630
171   66      -50.1140
172   66      -47.7300
173   66      -43.7800
140   67      -29.3050
141   67      -34.3740
142   67      -37.4740
143   67      -42.2810
144   67      -45.1960
145   67      -49.1830
146   67      -51.5680
147   67      -55.8370
148   67      -58.0153
149   67      -61.6884
150   67      -61.9479
151   67      -63.6320
152   67      -63.6083
153   67      -65.0190
154   67      -64.6440
155   67      -66.0397
156   67      -65.3540
157   67      -66.8280
158   67      -66.1910
159   67      -67.3350
160   67      -66.3881
161   67      -67.2028
162   67      -66.0470
163   67      -66.3830
164   67      -64.9870
165   67      -64.9046
166   67      -63.0760
167   67      -62.2866
168   67      -60.0667
169   67      -58.8030
170   67      -56.2446
171   67      -54.5249
172   67      -51.4000
173   67      -49.0990
174   67      -45.5030
175   67      -42.8020
143   68      -31.3540
144   68      -36.9060
145   68      -39.6910
146   68      -44.7120
147   68      -47.0500
148   68      -51.6510
149   68      -53.7416
150   68      -57.8329
151   68      -58.2650
152   68      -60.5002
153   68      -60.4870
154   68      -62.6120
155   68      -62.2155
156   68      -64.2128
157   68      -63.4190
158   68      -65.3030
159   68      -64.5670
160   68      -66.0585
161   68      -65.2080
162   68      -66.3420
163   68      -65.1740
164   68      -65.9496
165   68      -64.5283
166   68      -64.9310
167   68      -63.2967
168   68      -62.9967
169   68      -60.9280
170   68      -60.1146
171   68      -57.7249
172   68      -56.4890
173   68      -53.6540
174   68      -51.9490
175   68      -48.6520
176   68      -46.5000
177   68      -42.8020
145   69      -27.8770
146   69      -31.2750
147   69      -36.3650
149   69      -44.0410
150   69      -46.6120
151   69      -50.7810
152   69      -51.7706
153   69      -54.0150
154   69      -54.4290
155   69      -56.6353
156   69      -56.8398
157   69      -58.7093
158   69      -58.7030
159   69      -60.5704
160   69      -60.3023
161   69      -61.8987
162   69      -61.4830
163   69      -62.7350
164   69      -61.8885
165   69      -62.9359
166   69      -61.8930
167   69      -62.5483
168   69      -61.3177
169   69      -61.2790
170   69      -59.8000
171   69      -59.2156
172   69      -57.3800
173   69      -56.2589
174   69      -53.8696
175   69      -52.3156
176   69      -49.3740
178   69      -44.1160
179   69      -41.6010
148   70      -30.3480
149   70      -33.4970
150   70      -38.7320
151   70      -41.5430
152   70      -46.3056
153   70      -47.0590
154   70      -49.9330
155   70      -50.5034
156   70      -53.2645
157   70      -53.4418
158   70      -56.0140
159   70      -55.8430
160   70      -58.1696
161   70      -57.8442
162   70      -59.8310
163   70      -59.3042
164   70      -61.0227
165   70      -60.2872
166   70      -61.5880
167   70      -60.5941
168   70      -61.5746
169   70      -60.3700
170   70      -60.7680
171   70      -59.3121
172   70      -59.2600
173   70      -57.5563
174   70      -56.9490
175   70      -54.7000
176   70      -53.4940
177   70      -50.9892
178   70      -49.6980
179   70      -46.4160
180   70      -44.4040
181   70      -40.8460
150   71      -24.9380
151   71      -30.2020
152   71      -33.4220
153   71      -38.4070
154   71      -39.5680
155   71      -42.5542
156   71      -43.7490
157   71      -46.4830
158   71      -47.2144
159   71      -49.7150
160   71      -50.2690
161   71      -52.5620
162   71      -52.8360
163   71      -54.7910
164   71      -54.6420
165   71      -56.4423
166   71      -56.0200
167   71      -57.5010
168   71      -57.0642
169   71      -58.0770
170   71      -57.3100
171   71      -57.8335
172   71      -56.7413
173   71      -56.8858
174   71      -55.5750
175   71      -55.1707
176   71      -53.3870
177   71      -52.3890
178   71      -50.3430
179   71      -49.0640
180   71      -46.6854
181   71      -44.7400
182   71      -41.8800
183   71      -39.5230
184   71      -36.4120
153   72      -27.3020
154   72      -32.7330
155   72      -34.1020
156   72      -37.8522
157   72      -38.7540
158   72      -42.1041
159   72      -42.8535
160   72      -45.9372
161   72      -46.3187
162   72      -49.1730
163   72      -49.2863
164   72      -51.8215
165   72      -51.6355
166   72      -53.8580
167   72      -53.4678
168   72      -55.3605
169   72      -54.7160
170   72      -56.2530
171   72      -55.4313
172   72      -56.4030
173   72      -55.4110
174   72      -55.8466
175   72      -54.4830
176   72      -54.5770
177   72      -52.8890
178   72      -52.4440
179   72      -50.4710
180   72      -49.7884
181   72      -47.4110
182   72      -46.0586
183   72      -43.2861
184   72      -41.5010
185   72      -38.3590
186   72      -36.4310
187   72      -32.9840
188   72      -30.8790
156   73      -25.7990
157   73      -29.6285
158   73      -31.0190
159   73      -34.4484
160   73      -35.8755
161   73      -38.7340
162   73      -39.7820
163   73      -42.5410
164   73      -43.2820
165   73      -45.8551
166   73      -46.0970
167   73      -48.3511
168   73      -48.3939
169   73      -50.2900
170   73      -50.1377
171   73      -51.7200
172   73      -51.3300
173   73      -52.3965
174   73      -51.7408
175   73      -52.4080
176   73      -51.3650
177   73      -51.7230
179   73      -50.3660
180   73      -48.9362
181   73      -48.4410
182   73      -46.4333
183   73      -45.2961
184   73      -42.8410
185   73      -41.3960
186   73      -38.6085
187   73      -36.7660
188   73      -33.8130
189   73      -31.8290
190   73      -28.6620
158   74      -23.6950
159   74      -25.2270
160   74      -29.3618
161   74      -30.4070
162   74      -34.0010
163   74      -34.9091
164   74      -38.2337
165   74      -38.8620
166   74      -41.8910
167   74      -42.0886
168   74      -44.8902
169   74      -44.9170
170   74      -47.2930
171   74      -47.0861
172   74      -49.0970
173   74      -48.7274
174   74      -50.2271
175   74      -49.6328
176   74      -50.6410
177   74      -49.7017
178   74      -50.4150
179   74      -49.3030
180   74      -49.6445
181   74      -48.2530
182   74      -48.2475
183   74      -46.3670
184   74      -45.7070
185   74      -43.3890
186   74      -42.5095
187   74      -39.9040
188   74      -38.6670
189   74      -35.4779
190   74      -34.2963
191   74      -31.1120
192   74      -29.6490
160   75      -16.6600
161   75      -20.8756
162   75      -22.3540
163   75      -26.0060
164   75      -27.6440
165   75      -30.6568
166   75      -31.8500
167   75      -34.8370
168   75      -35.7949
169   75      -38.3850
170   75      -38.9170
171   75      -41.2503
173   75      -43.5539
174   75      -43.6731
175   75      -45.2883
176   75      -45.0620
177   75      -46.2692
178   75      -45.6530
179   75      -46.5860
180   75      -45.8397
181   75      -46.5110
182   75      -45.4475
183   75      -45.8110
184   75      -44.2260
185   75      -43.8220
186   75      -41.9302
187   75      -41.2150
188   75      -39.0161
189   75      -37.9779
190   75      -35.5663
191   75      -34.3480
192   75      -31.7080
193   75      -30.3020
194   75      -27.5540
162   76      -14.5030
163   76      -16.1240
164   76      -20.4597
165   76      -21.6460
166   76      -25.4380
167   76      -26.5020
168   76      -29.9907
169   76      -30.7210
170   76      -33.9270
171   76      -34.2931
172   76      -37.2380
173   76      -37.4382
174   76      -39.9963
175   76      -40.1047
176   76      -42.0970
177   76      -41.9490
178   76      -43.5460
179   76      -43.0200
180   76      -44.3589
181   76      -43.5520
182   76      -44.6090
183   76      -43.6628
184   76      -44.2560
185   76      -42.8090
186   76      -42.9990
187   76      -41.2180
188   76      -41.1364
189   76      -38.9854
190   76      -38.7060
191   76      -36.3930
192   76      -35.8805
193   76      -33.3920
194   76      -32.4327
195   76      -29.6890
196   76      -28.2800
164   77       -7.2650
165   77      -11.6250
166   77      -13.2050
167   77      -17.0788
168   77      -18.7410
169   77      -22.0810
170   77      -23.3200
171   77      -26.4302
172   77      -27.5200
174   77      -30.8687
175   77      -33.4280
176   77      -33.8610
177   77      -36.0470
178   77      -36.2510
179   77      -38.0770
180   77      -37.9775
181   77      -39.4710
182   77      -39.0517
183   77      -40.1973
184   77      -39.6100
185   77      -40.3350
186   77      -39.1730
187   77      -39.7150
188   77      -38.3281
189   77      -38.4531
190   77      -36.7512
191   77      -36.7060
192   77      -34.8330
193   77      -34.5330
194   77      -32.5293
195   77      -31.6890
196   77      -29.4380
197   77      -28.2678
198   77      -25.8210
199   77      -24.4000
166   78       -4.7920
167   78       -6.5400
168   78      -11.0375
169   78      -12.3750
170   78      -16.3050
171   78      -17.4706
172   78      -21.1010
173   78      -21.9410
174   78      -25.3192
175   78      -25.6900
176   78      -28.9270
177   78      -29.3705
178   78      -31.9980
179   78      -32.2630
180   78      -34.4360
181   78      -34.3740
182   78      -36.1693
183   78      -35.7724
184   78      -37.3320
185   78      -36.6830
186   78      -37.8645
187   78      -36.7120
188   78      -37.8229
189   78      -36.4832
190   78      -37.3230
191   78      -35.6970
192   78      -36.2920
193   78      -34.4770
194   78      -34.7631
195   78      -32.7960
196   78      -32.6470
197   78      -30.4220
198   78      -29.9070
199   78      -27.3920
200   78      -26.6020
201   78      -23.7410
202   78      -22.5980
169   79       -1.7880
170   79       -3.6120
171   79       -7.5640
172   79       -9.2820
173   79      -12.8190
174   79      -14.1950
175   79      -17.4431
176   79      -18.5370
177   79      -21.5502
178   79      -22.3260
179   79      -24.9520
180   79      -25.5964
181   79      -27.8710
182   79      -28.3008
183   79      -30.1869
184   79      -30.3180
185   79      -31.8660
186   79      -31.7140
187   79      -33.0050
188   79      -32.3008
189   79      -33.5810
190   79      -32.8810
191   79      -33.8090
192   79      -32.7765
193   79      -33.3940
194   79      -32.2621
195   79      -32.5700
196   79      -31.1400
197   79      -31.1410
198   79      -29.5820
199   79      -29.0950
200   79      -27.2680
201   79      -26.4010
202   79      -24.3990
203   79      -23.1430
204   79      -20.7500
205   79      -18.7510
171   80        3.5020
172   80       -1.0870
173   80       -2.5690
174   80       -6.6470
175   80       -7.9890
176   80      -11.7790
177   80      -12.7809
178   80      -16.3160
179   80      -16.9210
180   80      -20.2447
181   80      -20.6610
182   80      -23.5761
183   80      -23.7990
184   80      -26.3490
185   80      -26.1750
186   80      -28.5393
187   80      -28.1170
188   80      -30.2018
189   80      -29.6308
190   80      -31.3704
191   80      -30.5920
192   80      -32.0114
193   80      -31.0500
194   80      -32.1930
195   80      -31.0000
196   80      -31.8260
197   80      -30.5410
198   80      -30.9540
199   80      -29.5470
200   80      -29.5040
201   80      -27.6630
202   80      -27.3450
203   80      -25.2691
204   80      -24.6900
205   80      -22.2875
206   80      -20.9450
207   80      -16.2187
208   80      -13.0970
209   80       -8.3460
210   80       -5.1140
176   81        0.5500
177   81       -3.3280
178   81       -4.7540
179   81       -8.3000
180   81       -9.4030
181   81      -12.8010
182   81      -13.3510
183   81      -16.5873
184   81      -16.8850
185   81      -19.7550
187   81      -22.4430
189   81      -24.6020
191   81      -26.2810
192   81      -25.8722
193   81      -27.3180
194   81      -26.8270
195   81      -28.1550
196   81      -27.4960
197   81      -28.3412
198   81      -27.4940
199   81      -28.0590
200   81      -27.0480
201   81      -27.1820
202   81      -25.9830
203   81      -25.7612
204   81      -24.3450
205   81      -23.8206
206   81      -22.2530
207   81      -21.0337
208   81      -16.7490
209   81      -13.6380
210   81       -9.2463
211   81       -6.0760
212   81       -1.6510
178   82        3.5670
179   82        2.0030
180   82       -1.9392
182   82       -6.8261
183   82       -7.5687
184   82      -11.0450
185   82      -11.5410
186   82      -14.6813
187   82      -14.9790
188   82      -17.8154
189   82      -17.8780
190   82      -20.4169
191   82      -20.2460
192   82      -22.5550
193   82      -22.1940
194   82      -24.2070
195   82      -23.7130
196   82      -25.3600
197   82      -24.7487
198   82      -26.0500
199   82      -25.2270
200   82      -26.2430
201   82      -25.2570
202   82      -25.9330
203   82      -24.7860
204   82      -25.1090
205   82      -23.7701
206   82      -23.7850
207   82      -22.4510
208   82      -21.7480
209   82      -17.6144
210   82      -14.7283
211   82      -10.4915
212   82       -7.5474
213   82       -3.1840
214   82       -0.1810
215   82        4.4770
185   83       -2.2130
186   83       -3.1693
187   83       -6.3730
189   83      -10.0611
191   83      -13.2400
192   83      -13.5458
193   83      -15.8720
194   83      -15.9900
195   83      -18.0230
196   83      -18.0090
197   83      -19.6876
198   83      -19.3690
199   83      -20.7980
200   83      -20.3700
201   83      -21.4150
202   83      -20.7320
203   83      -21.5399
204   83      -20.6670
205   83      -21.0617
206   83      -20.0270
207   83      -20.0540
208   83      -18.8700
209   83      -18.2580
210   83      -14.7918
211   83      -11.8584
212   83       -8.1173
213   83       -5.2300
214   83       -1.2000
215   83        1.6485
216   83        5.8730
217   83        8.8210
218   83       13.3350
188   84       -0.5384
189   84       -1.4150
190   84       -4.5632
191   84       -5.0530
192   84       -8.0713
194   84      -11.0050
195   84      -11.0740
196   84      -13.4740
197   84      -13.3580
198   84      -15.4730
199   84      -15.2140
200   84      -16.9540
201   84      -16.5240
202   84      -17.9240
203   84      -17.3070
204   84      -18.3330
205   84      -17.5090
206   84      -18.1810
207   84      -17.1458
208   84      -17.4690
209   84      -16.3659
210   84      -15.9531
211   84      -12.4325
212   84      -10.3694
213   84       -6.6530
214   84       -4.4690
215   84       -0.5403
216   84        1.7830
217   84        5.9008
218   84        8.3580
219   84       12.8020
220   84       15.4650
193   85       -0.1460
194   85       -1.1876
195   85       -3.4760
196   85       -3.9230
197   85       -6.3442
198   85       -6.6720
199   85       -8.8190
200   85       -8.9870
201   85      -10.7890
202   85      -10.5900
203   85      -12.1635
204   85      -11.8750
205   85      -12.9715
206   85      -12.4190
207   85      -13.2426
208   85      -12.4910
209   85      -12.8796
210   85      -11.9718
211   85      -11.6470
212   85       -8.6210
213   85       -6.5790
214   85       -3.3790
215   85       -1.2550
216   85        2.2570
217   85        4.3956
218   85        8.0980
219   85       10.3970
220   85       14.3522
221   85       16.8130
222   85       20.8000
223   85       23.4640
195   86        5.0650
196   86        1.9700
197   86        1.4758
198   86       -1.2300
199   86       -1.5180
200   86       -4.0060
201   86       -4.0720
202   86       -6.2750
203   86       -6.1603
204   86       -7.9840
205   86       -7.7139
206   86       -9.1150
207   86       -8.6310
208   86       -9.6470
209   86       -8.9286
210   86       -9.5979
211   86       -8.7550
212   86       -8.6596
213   86       -5.6980
214   86       -4.3190
215   86       -1.1686
216   86        0.2550
217   86        3.6586
218   86        5.2170
219   86        8.8308
220   86       10.6134
221   86       14.4720
222   86       16.3736
223   86       20.2970
224   86       22.4400
225   86       26.4920
226   86       28.7740
227   86       32.9810
228   86       35.3840
199   87        6.7600
200   87        6.1220
201   87        3.5960
202   87        3.1410
203   87        0.8613
204   87        0.6080
205   87       -1.3097
206   87       -1.2420
207   87       -2.8416
208   87       -2.6650
209   87       -3.7692
210   87       -3.3462
211   87       -4.1577
212   87       -3.5370
213   87       -3.5490
214   87       -0.9580
215   87        0.3181
216   87        2.9780
217   87        4.3140
218   87        7.0590
219   87        8.6183
220   87       11.4829
221   87       13.2780
222   87       16.3493
223   87       18.3838
224   87       21.6572
225   87       23.8140
226   87       27.3730
227   87       29.6550
228   87       33.2820
229   87       35.8160
230   87       39.5980
231   87       42.3280
232   87       46.3630
202   88        9.2130
203   88        8.6365
204   88        6.0540
205   88        5.8391
206   88        3.5650
207   88        3.5379
208   88        1.7130
209   88        1.8550
210   88        0.4611
211   88        0.8365
212   88       -0.1914
213   88        0.3570
214   88        0.1000
215   88        2.5335
216   88        3.2910
217   88        5.8873
218   88        6.6510
219   88        9.3942
220   88       10.2729
221   88       12.9639
222   88       14.3210
223   88       17.2347
224   88       18.8272
225   88       21.9940
226   88       23.6690
227   88       27.1790
228   88       28.9418
229   88       32.5620
230   88       34.5170
231   88       38.3960
232   88       40.6490
233   88       44.7670
234   88       47.2300
206   89       13.5110
207   89       11.1311
208   89       10.7600
209   89        8.8444
210   89        8.7896
211   89        7.2050
212   89        7.2785
213   89        6.1540
214   89        6.4280
215   89        6.0115
216   89        8.1220
217   89        8.7066
218   89       10.8430
219   89       11.5695
220   89       13.7516
221   89       14.5230
222   89       16.6214
223   89       17.8264
224   89       20.2347
225   89       21.6380
226   89       24.3102
227   89       25.8509
228   89       28.8960
229   89       30.7530
230   89       33.8070
231   89       35.9170
232   89       39.1480
233   89       41.4980
234   89       45.1030
235   89       47.7220
236   89       51.5080
209   90       16.5021
210   90       14.0426
211   90       13.9050
212   90       12.0911
213   90       12.1180
214   90       10.7110
215   90       10.9267
216   90       10.3040
217   90       12.2159
218   90       12.3740
219   90       14.4725
220   90       14.6689
221   90       16.9370
222   90       17.2029
223   90       19.3857
224   90       19.9963
225   90       22.3100
226   90       23.1971
227   90       25.8062
228   90       26.7722
229   90       29.5860
230   90       30.8630
231   90       33.8170
232   90       35.4480
233   90       38.7332
234   90       40.6140
235   90       44.2554
236   90       46.4540
237   90       50.2020
238   90       52.6250
212   91       21.6145
213   91       19.6630
214   91       19.4850
215   91       17.8715
216   91       17.8000
217   91       17.0687
218   91       18.6680
220   91       20.3767
221   91       20.3790
222   91       22.1160
223   91       22.3207
224   91       23.8702
225   91       24.3400
226   91       26.0332
227   91       26.8318
228   91       28.9242
229   91       29.8970
230   91       32.1740
231   91       33.4250
232   91       35.9470
233   91       37.4901
234   91       40.3410
235   91       42.3305
236   91       45.3460
237   91       47.6419
238   91       50.7680
239   91       53.3370
240   91       56.8030
217   92       22.6994
218   92       21.9230
219   92       23.2120
220   92       23.0290
221   92       24.5910
222   92       24.2990
223   92       25.8383
224   92       25.7137
225   92       27.3770
226   92       27.3280
227   92       29.0220
228   92       29.2240
229   92       31.2100
230   92       31.6140
231   92       33.8070
232   92       34.6100
233   92       36.9200
234   92       38.1460
235   92       40.9205
236   92       42.4460
237   92       45.3919
238   92       47.3089
239   92       50.5739
240   92       52.7150
241   92       56.1970
242   92       58.6200
225   93       31.5900
226   93       32.7380
227   93       32.5620
228   93       33.7010
229   93       33.7790
230   93       35.2360
231   93       35.6250
232   93       37.3610
233   93       37.9496
234   93       39.9560
235   93       41.0447
236   93       43.3790
237   93       44.8733
238   93       47.4563
239   93       49.3124
240   93       52.3140
241   93       54.2610
242   93       57.4184
243   93       59.8750
244   93       63.2020
228   94       36.0882
229   94       37.3990
230   94       36.9330
231   94       38.2850
232   94       38.3650
233   94       40.0518
234   94       40.3490
235   94       42.1837
236   94       42.9020
237   94       45.0933
238   94       46.1647
239   94       48.5899
240   94       50.1260
241   94       52.9560
242   94       54.7184
243   94       57.7555
244   94       59.8050
245   94       63.1061
246   94       65.3952
247   94       68.9960
231   95       42.4390
232   95       43.3980
233   95       43.1730
234   95       44.5340
236   95       46.1830
237   95       46.5710
238   95       48.4230
239   95       49.3920
240   95       51.5110
241   95       52.9360
242   95       55.4697
243   95       57.1760
244   95       59.8800
245   95       61.8997
246   95       64.9946
247   95       67.1540
248   95       70.5620
249   95       73.1040
233   96       47.2931
234   96       46.7230
235   96       47.9100
236   96       47.8900
237   96       49.2770
238   96       49.3959
239   96       51.1920
240   96       51.7250
241   96       53.7030
242   96       54.8052
243   96       57.1830
244   96       58.4530
245   96       61.0047
246   96       62.6184
247   96       65.5339
248   96       67.3920
249   96       70.7501
250   96       72.9890
251   96       76.6476
252   96       79.0560
235   97       52.7040
237   97       53.0980
238   97       54.2880
240   97       55.6650
241   97       56.1030
242   97       57.7350
243   97       58.6912
244   97       60.7150
245   97       61.8154
247   97       65.4906
248   97       68.0800
249   97       69.8496
250   97       72.9514
251   97       75.2276
252   97       78.5340
253   97       80.9290
237   98       57.8180
238   98       57.2030
239   98       58.1450
240   98       58.0340
241   98       59.3610
242   98       59.3376
243   98       60.9450
244   98       61.4790
245   98       63.3869
246   98       64.0917
247   98       66.1366
248   98       67.2398
249   98       69.7256
250   98       71.1718
251   98       74.1346
252   98       76.0330
253   98       79.3010
254   98       81.3400
255   98       84.8090
256   98       87.0390
240   99       64.1990
241   99       63.8430
242   99       64.9670
243   99       64.7830
244   99       66.0270
245   99       66.4380
247   99       68.6100
248   99       70.3010
249   99       71.1760
250   99       73.2270
251   99       74.5120
252   99       77.2930
253   99       79.0137
254   99       81.9910
255   99       84.0889
256   99       87.1860
257   99       89.4030
258   99       92.7020
242  100       68.4000
243  100       69.2590
244  100       69.0090
245  100       70.2210
246  100       70.1406
247  100       71.5830
248  100       71.9064
249  100       73.6190
250  100       74.0736
251  100       75.9866
252  100       76.8170
253  100       79.3495
254  100       80.9040
255  100       83.7992
256  100       85.4861
257  100       88.5895
258  100       90.4260
259  100       93.7040
260  100       95.6440
245  101       75.2920
247  101       76.0430
248  101       77.1490
249  101       77.3260
250  101       78.6360
251  101       79.0270
252  101       80.6300
253  101       81.3010
255  101       84.8430
256  101       87.6154
257  101       88.9962
258  101       91.6882
259  101       93.6240
260  101       96.5510
261  101       98.4780
262  101      101.4070
248  102       80.6640
250  102       81.5160
251  102       82.9140
252  102       82.8810
253  102       84.4660
254  102       84.7240
255  102       86.8536
256  102       87.8237
257  102       90.2405
258  102       91.4790
259  102       94.1090
260  102       95.6110
261  102       98.5040
262  102       99.9510
263  102      102.9790
264  102      104.6490
251  103       87.8960
252  103       88.8370
253  103       88.6870
254  103       89.8470
255  103       90.0570
256  103       91.8720
257  103       92.7350
258  103       94.8390
259  103       95.8520
260  103       98.2760
261  103       99.5610
262  103      102.1230
263  103      103.6690
264  103      106.2260
265  103      107.9030
266  103      111.1320
254  104       93.3200
255  104       94.3970
256  104       94.2357
257  104       95.9340
258  104       96.3990
259  104       98.4000
260  104       99.1490
262  104      102.3940
263  104      104.8370
264  104      106.1760
265  104      108.7090
266  104      109.8760
268  104      115.1740
255  105      100.0410
256  105      100.7200
257  105      100.3420
258  105      101.7480
259  105      102.1010
260  105      103.6760
261  105      104.3790
262  105      106.2690
263  105      107.1110
264  105      109.3610
265  105      110.4760
266  105      112.7380
269  105      118.7280
258  106      105.4150
259  106      106.6560
260  106      106.5835
261  106      108.1620
262  106      108.4240
263  106      110.2160
264  106      110.7840
266  106      113.7030
268  106      117.0000
270  106      121.4000
272  106      125.8980
273  106      128.7510
260  107      113.6140
261  107      113.3290
263  107      114.6060
264  107      116.0680
265  107      116.5740
273  107      130.0530
274  107      132.6800
275  107      134.3680
263  108      119.7510
264  108      119.5991
265  108      121.1730
266  108      121.1850
267  108      122.7610
270  108      125.4260
271  108      128.2300
272  108      129.5300
274  108      133.3330
276  108      137.1230
265  109      126.8240
267  109      127.9010
271  109      131.4700
272  109      133.8900
273  109      134.9900
275  109      138.4630
279  109      145.4930
268  110      133.9440
270  110      134.8060
271  110      136.0560
272  110      136.2930
273  110      138.6650
274  110      139.2500
275  110      141.7510
276  110      142.5510
277  110      144.9800
278  110      145.7500
273  111      143.1540
275  111      145.4450
276  111      147.6360
277  111      148.5910
281  111      154.0430
282  111      156.0120
283  111      156.8780
277  112      152.7120
278  112      153.0600
279  112      155.1360
280  112      155.5960
285  113      166.4880
286  113      168.1170
287  113      168.6430
287  115      178.0900
289  115      179.5130
290  115      180.8420
291  115      181.0680
290  116      184.9850
291  116      186.3100
292  116      186.1000
291  117      192.4130
292  117      193.3300
